,score
0,18
1,21
2,11
3,2
4,22
5,11
6,13
7,18
8,19
9,20
10,14
11,2
12,21
13,25
14,22
15,21
16,27
17,22
18,21
19,19
20,2
21,1
22,22
23,20
24,21
25,22
26,21
27,22
28,1
29,22
30,12
31,2
32,14
33,22
34,21
35,6
36,21
37,19
38,21
39,21
40,12
41,27
42,21
43,18
44,20
45,3
46,21
47,19
48,21
49,19
50,22
51,2
52,11
53,22
54,21
55,12
56,21
57,21
58,12
59,20
60,2
61,22
62,18
63,22
64,19
65,20
66,22
67,20
68,11
69,21
70,14
71,22
72,22
73,14
74,2
75,22
76,20
77,18
78,22
79,22
80,22
81,21
82,19
83,21
84,12
85,25
86,6
87,13
88,11
89,6
90,22
91,3
92,2
93,20
94,3
95,12
96,22
97,22
98,22
99,21
100,27
101,14
102,14
103,18
104,19
105,21
106,21
107,22
108,18
109,14
110,6
111,23
112,23
113,11
114,18
115,22
116,2
117,19
118,18
119,21
120,13
121,21
122,22
123,22
124,21
125,14
126,22
127,22
128,1
129,18
130,11
131,18
132,21
133,1
134,21
135,22
136,21
137,22
138,27
139,19
140,14
141,19
142,18
143,22
144,22
145,18
146,26
147,22
148,22
149,20
150,14
151,21
152,21
153,2
154,21
155,21
156,19
157,11
158,22
159,19
160,21
161,3
162,21
163,22
164,20
165,19
166,22
167,11
168,18
169,27
170,6
171,14
172,14
173,12
174,21
175,12
176,21
177,6
178,19
179,20
180,14
181,21
182,21
183,21
184,20
185,21
186,14
187,21
188,21
189,21
190,21
191,19
192,22
193,13
194,3
195,22
196,22
197,20
198,21
199,2
200,18
201,14
202,18
203,21
204,21
205,19
206,18
207,6
208,21
209,22
210,19
211,19
212,27
213,20
214,18
215,21
216,22
217,2
218,21
219,12
220,21
221,27
222,18
223,22
224,21
225,2
226,22
227,22
228,21
229,3
230,18
231,21
232,23
233,14
234,21
235,22
236,23
237,22
238,18
239,20
240,22
241,21
242,20
243,22
244,12
245,21
246,18
247,22
248,19
249,2
250,21
251,21
252,2
253,22
254,18
255,21
256,20
257,22
258,22
259,21
260,21
261,22
262,19
263,14
264,21
265,14
266,21
267,19
268,6
269,21
270,6
271,2
272,27
273,21
274,18
275,22
276,6
277,2
278,18
279,19
280,22
281,12
282,19
283,22
284,1
285,14
286,22
287,21
288,21
289,19
290,21
291,21
292,18
293,27
294,21
295,18
296,2
297,1
298,22
299,20
300,14
301,3
302,14
303,21
304,19
305,20
306,22
307,23
308,21
309,22
310,11
311,22
312,11
313,20
314,20
315,1
316,20
317,18
318,22
319,22
320,27
321,2
322,22
323,21
324,23
325,21
326,12
327,12
328,12
329,13
330,3
331,6
332,21
333,19
334,2
335,2
336,21
337,20
338,14
339,20
340,21
341,21
342,21
343,27
344,2
345,18
346,14
347,21
348,22
349,21
350,19
351,19
352,23
353,22
354,22
355,2
356,14
357,22
358,2
359,21
360,22
361,21
362,22
363,21
364,21
365,19
366,22
367,18
368,22
369,14
370,21
371,19
372,22
373,19
374,21
375,18
376,3
377,21
378,21
379,2
380,3
381,19
382,22
383,21
384,18
385,21
386,19
387,21
388,22
389,21
390,22
391,14
392,2
393,1
394,22
395,21
396,18
397,21
398,22
399,13
400,2
401,22
402,22
403,21
404,22
405,19
406,22
407,20
408,12
409,21
410,13
411,6
412,3
413,23
414,11
415,2
416,14
417,18
418,19
419,20
420,14
421,21
422,2
423,23
424,19
425,18
426,21
427,20
428,3
429,19
430,13
431,11
432,19
433,21
434,22
435,18
436,20
437,14
438,18
439,6
440,22
441,14
442,22
443,21
444,19
445,22
446,19
447,21
448,21
449,19
450,19
451,19
452,22
453,11
454,21
455,21
456,22
457,19
458,18
459,12
460,6
461,21
462,18
463,25
464,22
465,21
466,21
467,14
468,11
469,21
470,20
471,3
472,12
473,22
474,2
475,13
476,20
477,6
478,2
479,21
480,19
481,19
482,22
483,22
484,2
485,21
486,21
487,23
488,14
489,1
490,14
491,20
492,22
493,20
494,2
495,2
496,14
497,21
498,11
499,21
500,22
501,19
502,13
503,3
504,25
505,21
506,20
507,12
508,22
509,20
510,13
511,22
512,19
513,20
514,13
515,21
516,19
517,22
518,3
519,21
520,21
521,22
522,21
523,6
524,21
525,11
526,18
527,19
528,19
529,21
530,20
531,13
532,22
533,6
534,20
535,18
536,6
537,27
538,18
539,11
540,3
541,21
542,21
543,18
544,14
545,22
546,11
547,27
548,2
549,21
550,12
551,21
552,21
553,22
554,19
555,19
556,22
557,19
558,3
559,20
560,20
561,20
562,6
563,20
564,27
565,21
566,21
567,18
568,22
569,18
570,18
571,25
572,18
573,21
574,21
575,14
576,2
577,21
578,14
579,2
580,14
581,12
582,2
583,22
584,19
585,21
586,19
587,6
588,22
589,11
590,21
591,20
592,20
593,21
594,21
595,25
596,21
597,21
598,22
599,14
600,22
601,3
602,6
603,22
604,11
605,22
606,22
607,27
608,2
609,18
610,27
611,12
612,20
613,19
614,12
615,21
616,21
617,19
618,21
619,19
620,19
621,21
622,21
623,21
624,18
625,21
626,21
627,23
628,21
629,11
630,1
631,27
632,22
633,21
634,19
635,22
636,20
637,22
638,27
639,12
640,20
641,21
642,18
643,20
644,18
645,21
646,12
647,19
648,22
649,23
650,21
651,21
652,3
653,22
654,18
655,3
656,22
657,2
658,25
659,12
660,21
661,14
662,20
663,3
664,21
665,22
666,3
667,6
668,22
669,22
670,21
671,13
672,21
673,2
674,14
675,21
676,2
677,19
678,19
679,2
680,2
681,20
682,21
683,14
684,19
685,22
686,2
687,2
688,13
689,11
690,21
691,20
692,20
693,22
694,19
695,21
696,11
697,22
698,2
699,21
700,21
701,19
702,12
703,19
704,21
705,22
706,21
707,21
708,21
709,19
710,21
711,2
712,22
713,20
714,20
715,20
716,18
717,22
718,21
719,2
720,20
721,22
722,3
723,22
724,11
725,22
726,2
727,19
728,21
729,22
730,22
731,14
732,22
733,21
734,12
735,6
736,3
737,21
738,23
739,21
740,22
741,22
742,20
743,18
744,21
745,21
746,19
747,22
748,18
749,21
750,21
751,13
752,19
753,19
754,14
755,2
756,21
757,22
758,22
759,21
760,22
761,22
762,21
763,21
764,19
765,2
766,19
767,21
768,21
769,22
770,20
771,19
772,27
773,14
774,22
775,18
776,18
777,12
778,14
779,22
780,22
781,22
782,12
783,18
784,19
785,20
786,14
787,14
788,13
789,21
790,21
791,11
792,21
793,22
794,12
795,19
796,20
797,22
798,20
799,2
800,2
801,14
802,21
803,22
804,2
805,2
806,2
807,19
808,21
809,18
810,22
811,19
812,20
813,21
814,18
815,12
816,21
817,22
818,3
819,20
820,2
821,21
822,6
823,21
824,18
825,19
826,18
827,21
828,18
829,2
830,21
831,25
832,6
833,20
834,14
835,21
836,20
837,22
838,18
839,19
840,20
841,18
842,20
843,18
844,6
845,2
846,11
847,23
848,27
849,20
850,20
851,13
852,1
853,19
854,21
855,20
856,14
857,21
858,18
859,21
860,18
861,2
862,21
863,22
864,21
865,21
866,21
867,2
868,22
869,21
870,21
871,22
872,21
873,1
874,2
875,21
876,25
877,21
878,14
879,2
880,11
881,2
882,22
883,20
884,19
885,25
886,22
887,21
888,22
889,22
890,19
891,2
892,13
893,21
894,22
895,18
896,21
897,21
898,3
899,12
900,2
901,19
902,6
903,2
904,21
905,22
906,27
907,2
908,20
909,22
910,21
911,2
912,21
913,22
914,27
915,27
916,11
917,21
918,19
919,21
920,22
921,22
922,22
923,22
924,11
925,22
926,22
927,21
928,21
929,18
930,22
931,22
932,22
933,22
934,1
935,18
936,21
937,18
938,14
939,19
940,19
941,22
942,21
943,2
944,21
945,21
946,22
947,21
948,22
949,11
950,2
951,13
952,18
953,2
954,22
955,18
956,14
957,27
958,21
959,22
960,22
961,22
962,18
963,22
964,19
965,6
966,25
967,11
968,18
969,20
970,19
971,2
972,1
973,21
974,2
975,19
976,13
977,21
978,21
979,14
980,19
981,2
982,25
983,18
984,14
985,22
986,22
987,22
988,21
989,22
990,22
991,14
992,3
993,3
994,3
995,27
996,22
997,11
998,2
999,3
1000,20
1001,18
1002,20
1003,21
1004,22
1005,3
1006,1
1007,19
1008,20
1009,14
1010,21
1011,27
1012,12
1013,22
1014,27
1015,22
1016,19
1017,21
1018,3
1019,18
1020,18
1021,22
1022,11
1023,23
1024,18
1025,21
1026,21
1027,6
1028,12
1029,21
1030,3
1031,22
1032,2
1033,14
1034,21
1035,20
1036,21
1037,18
1038,21
1039,3
1040,21
1041,21
1042,23
1043,12
1044,22
1045,2
1046,2
1047,14
1048,3
1049,13
1050,21
1051,3
1052,19
1053,23
1054,21
1055,22
1056,22
1057,27
1058,20
1059,3
1060,21
1061,14
1062,11
1063,21
1064,11
1065,21
1066,3
1067,22
1068,14
1069,2
1070,6
1071,2
1072,2
1073,20
1074,21
1075,19
1076,22
1077,19
1078,18
1079,19
1080,6
1081,23
1082,21
1083,22
1084,19
1085,11
1086,14
1087,21
1088,14
1089,23
1090,22
1091,18
1092,21
1093,18
1094,21
1095,22
1096,22
1097,6
1098,27
1099,2
1100,22
1101,21
1102,21
1103,21
1104,21
1105,18
1106,19
1107,18
1108,22
1109,12
1110,21
1111,21
1112,14
1113,22
1114,21
1115,18
1116,18
1117,21
1118,19
1119,22
1120,2
1121,12
1122,19
1123,18
1124,2
1125,22
1126,21
1127,21
1128,21
1129,21
1130,12
1131,18
1132,21
1133,22
1134,11
1135,14
1136,22
1137,21
1138,21
1139,18
1140,20
1141,22
1142,18
1143,22
1144,21
1145,20
1146,12
1147,22
1148,21
1149,21
1150,22
1151,18
1152,19
1153,19
1154,22
1155,21
1156,18
1157,23
1158,2
1159,20
1160,2
1161,21
1162,22
1163,11
1164,19
1165,6
1166,21
1167,20
1168,12
1169,3
1170,21
1171,2
1172,20
1173,20
1174,20
1175,18
1176,23
1177,14
1178,19
1179,3
1180,2
1181,18
1182,21
1183,22
1184,2
1185,19
1186,20
1187,18
1188,14
1189,21
1190,22
1191,21
1192,2
1193,22
1194,14
1195,2
1196,20
1197,22
1198,13
1199,19
1200,18
1201,21
1202,19
1203,2
1204,22
1205,19
1206,18
1207,13
1208,22
1209,22
1210,2
1211,22
1212,14
1213,2
1214,3
1215,21
1216,3
1217,21
1218,14
1219,21
1220,14
1221,20
1222,21
1223,22
1224,21
1225,18
1226,12
1227,1
1228,18
1229,14
1230,21
1231,22
1232,19
1233,19
1234,25
1235,2
1236,21
1237,2
1238,21
1239,21
1240,22
1241,20
1242,21
1243,21
1244,21
1245,14
1246,11
1247,21
1248,18
1249,2
1250,21
1251,18
1252,20
1253,3
1254,14
1255,21
1256,21
1257,22
1258,20
1259,21
1260,2
1261,3
1262,12
1263,21
1264,20
1265,6
1266,22
1267,22
1268,22
1269,21
1270,22
1271,25
1272,2
1273,21
1274,20
1275,22
1276,22
1277,19
1278,6
1279,22
1280,25
1281,14
1282,12
1283,20
1284,27
1285,19
1286,19
1287,21
1288,18
1289,12
1290,20
1291,25
1292,6
1293,12
1294,2
1295,21
1296,21
1297,14
1298,21
1299,20
1300,22
1301,1
1302,11
1303,2
1304,21
1305,18
1306,22
1307,14
1308,11
1309,22
1310,22
1311,13
1312,12
1313,22
1314,22
1315,21
1316,2
1317,14
1318,2
1319,21
1320,19
1321,19
1322,3
1323,21
1324,22
1325,14
1326,21
1327,21
1328,22
1329,23
1330,23
1331,12
1332,2
1333,21
1334,19
1335,18
1336,21
1337,11
1338,12
1339,21
1340,21
1341,21
1342,19
1343,23
1344,22
1345,23
1346,22
1347,2
1348,20
1349,25
1350,18
1351,14
1352,22
1353,18
1354,21
1355,14
1356,19
1357,21
1358,14
1359,19
1360,6
1361,18
1362,20
1363,21
1364,21
1365,22
1366,3
1367,21
1368,18
1369,6
1370,22
1371,2
1372,21
1373,21
1374,20
1375,18
1376,1
1377,21
1378,21
1379,1
1380,21
1381,19
1382,20
1383,20
1384,20
1385,18
1386,18
1387,18
1388,22
1389,21
1390,19
1391,22
1392,21
1393,21
1394,20
1395,22
1396,22
1397,22
1398,3
1399,21
1400,19
1401,22
1402,18
1403,14
1404,22
1405,14
1406,11
1407,22
1408,3
1409,20
1410,12
1411,25
1412,21
1413,21
1414,22
1415,21
1416,18
1417,13
1418,23
1419,21
1420,13
1421,25
1422,21
1423,1
1424,20
1425,18
1426,21
1427,21
1428,14
1429,19
1430,27
1431,3
1432,22
1433,20
1434,27
1435,22
1436,14
1437,23
1438,18
1439,22
1440,22
1441,19
1442,21
1443,14
1444,20
1445,19
1446,21
1447,23
1448,21
1449,18
1450,22
1451,18
1452,14
1453,2
1454,25
1455,21
1456,3
1457,19
1458,12
1459,1
1460,21
1461,21
1462,27
1463,21
1464,14
1465,11
1466,21
1467,21
1468,21
1469,21
1470,21
1471,21
1472,21
1473,22
1474,22
1475,11
1476,14
1477,18
1478,21
1479,14
1480,18
1481,22
1482,14
1483,20
1484,22
1485,22
1486,11
1487,21
1488,27
1489,19
1490,18
1491,2
1492,13
1493,22
1494,19
1495,14
1496,21
1497,19
1498,2
1499,22
1500,21
1501,21
1502,19
1503,3
1504,22
1505,21
1506,2
1507,12
1508,21
1509,14
1510,14
1511,21
1512,22
1513,27
1514,14
1515,21
1516,22
1517,21
1518,19
1519,14
1520,22
1521,22
1522,13
1523,22
1524,19
1525,22
1526,19
1527,19
1528,21
1529,22
1530,21
1531,14
1532,18
1533,18
1534,22
1535,21
1536,20
1537,22
1538,21
1539,3
1540,22
1541,18
1542,19
1543,2
1544,21
1545,21
1546,19
1547,20
1548,21
1549,22
1550,21
1551,21
1552,3
1553,22
1554,3
1555,22
1556,18
1557,6
1558,22
1559,19
1560,20
1561,27
1562,22
1563,14
1564,21
1565,19
1566,6
1567,25
1568,6
1569,18
1570,11
1571,20
1572,14
1573,11
1574,19
1575,21
1576,25
1577,18
1578,21
1579,18
1580,18
1581,19
1582,3
1583,11
1584,21
1585,20
1586,22
1587,23
1588,11
1589,21
1590,21
1591,2
1592,2
1593,13
1594,19
1595,21
1596,20
1597,6
1598,19
1599,6
1600,19
1601,14
1602,22
1603,21
1604,19
1605,21
1606,22
1607,22
1608,2
1609,18
1610,21
1611,14
1612,27
1613,21
1614,19
1615,22
1616,18
1617,20
1618,14
1619,2
1620,12
1621,19
1622,20
1623,19
1624,18
1625,22
1626,21
1627,21
1628,21
1629,20
1630,14
1631,18
1632,11
1633,21
1634,21
1635,2
1636,27
1637,22
1638,14
1639,14
1640,2
1641,22
1642,19
1643,22
1644,21
1645,11
1646,19
1647,2
1648,21
1649,21
1650,22
1651,2
1652,2
1653,2
1654,21
1655,21
1656,14
1657,12
1658,2
1659,18
1660,20
1661,18
1662,13
1663,12
1664,18
1665,19
1666,22
1667,20
1668,25
1669,20
1670,22
1671,2
1672,11
1673,21
1674,19
1675,27
1676,18
1677,18
1678,18
1679,3
1680,21
1681,18
1682,11
1683,19
1684,2
1685,21
1686,19
1687,22
1688,14
1689,14
1690,6
1691,14
1692,21
1693,21
1694,21
1695,21
1696,14
1697,21
1698,18
1699,22
1700,22
1701,22
1702,18
1703,22
1704,20
1705,2
1706,18
1707,19
1708,6
1709,21
1710,21
1711,21
1712,12
1713,20
1714,22
1715,19
1716,14
1717,20
1718,21
1719,2
1720,20
1721,21
1722,11
1723,25
1724,22
1725,19
1726,13
1727,27
1728,22
1729,2
1730,21
1731,18
1732,20
1733,22
1734,3
1735,21
1736,22
1737,21
1738,18
1739,12
1740,3
1741,20
1742,12
1743,11
1744,21
1745,21
1746,14
1747,21
1748,2
1749,14
1750,19
1751,27
1752,22
1753,3
1754,2
1755,22
1756,11
1757,27
1758,11
1759,22
1760,21
1761,12
1762,21
1763,21
1764,22
1765,14
1766,21
1767,25
1768,23
1769,21
1770,21
1771,3
1772,2
1773,19
1774,20
1775,22
1776,21
1777,21
1778,23
1779,22
1780,18
1781,21
1782,20
1783,20
1784,19
1785,19
1786,22
1787,6
1788,23
1789,22
1790,20
1791,3
1792,2
1793,22
1794,14
1795,12
1796,19
1797,14
1798,13
1799,3
1800,21
1801,21
1802,21
1803,22
1804,2
1805,11
1806,22
1807,18
1808,2
1809,21
1810,3
1811,18
1812,21
1813,22
1814,12
1815,21
1816,14
1817,19
1818,21
1819,20
1820,22
1821,21
1822,22
1823,21
1824,18
1825,6
1826,13
1827,3
1828,27
1829,14
1830,14
1831,18
1832,20
1833,18
1834,19
1835,22
1836,14
1837,21
1838,19
1839,2
1840,27
1841,21
1842,11
1843,25
1844,20
1845,3
1846,19
1847,14
1848,22
1849,3
1850,19
1851,22
1852,2
1853,14
1854,19
1855,23
1856,22
1857,25
1858,19
1859,18
1860,22
1861,22
1862,22
1863,21
1864,21
1865,11
1866,21
1867,20
1868,23
1869,21
1870,21
1871,22
1872,22
1873,19
1874,21
1875,21
1876,22
1877,25
1878,27
1879,21
1880,14
1881,22
1882,20
1883,14
1884,22
1885,21
1886,22
1887,14
1888,18
1889,18
1890,2
1891,22
1892,18
1893,18
1894,27
1895,14
1896,18
1897,22
1898,14
1899,21
1900,13
1901,6
1902,14
1903,12
1904,14
1905,20
1906,14
1907,21
1908,18
1909,19
1910,22
1911,20
1912,19
1913,12
1914,18
1915,25
1916,22
1917,20
1918,22
1919,21
1920,22
1921,21
1922,22
1923,3
1924,14
1925,2
1926,22
1927,12
1928,14
1929,21
1930,20
1931,22
1932,11
1933,23
1934,19
1935,18
1936,11
1937,18
1938,22
1939,21
1940,2
1941,22
1942,22
1943,2
1944,22
1945,21
1946,14
1947,20
1948,22
1949,2
1950,14
1951,2
1952,21
1953,21
1954,22
1955,22
1956,21
1957,19
1958,25
1959,22
1960,22
1961,22
1962,22
1963,22
1964,21
1965,20
1966,25
1967,19
1968,14
1969,14
1970,2
1971,12
1972,18
1973,14
1974,2
1975,11
1976,2
1977,21
1978,22
1979,21
1980,22
1981,21
1982,20
1983,22
1984,22
1985,3
1986,22
1987,25
1988,18
1989,22
1990,27
1991,22
1992,22
1993,22
1994,21
1995,2
1996,18
1997,6
1998,27
1999,21
2000,22
2001,22
2002,12
2003,14
2004,21
2005,22
2006,21
2007,18
2008,22
2009,19
2010,21
2011,12
2012,21
2013,22
2014,19
2015,27
2016,23
2017,12
2018,18
2019,14
2020,21
2021,18
2022,22
2023,22
2024,14
2025,22
2026,2
2027,14
2028,2
2029,21
2030,25
2031,21
2032,21
2033,12
2034,14
2035,21
2036,22
2037,2
2038,13
2039,22
2040,20
2041,14
2042,22
2043,3
2044,22
2045,13
2046,11
2047,21
2048,22
2049,2
2050,22
2051,21
2052,19
2053,23
2054,3
2055,2
2056,21
2057,21
2058,21
2059,11
2060,27
2061,21
2062,1
2063,27
2064,25
2065,22
2066,18
2067,21
2068,22
2069,20
2070,20
2071,20
2072,12
2073,22
2074,22
2075,18
2076,2
2077,22
2078,6
2079,21
2080,22
2081,3
2082,2
2083,22
2084,11
2085,22
2086,22
2087,22
2088,22
2089,22
2090,21
2091,22
2092,14
2093,21
2094,22
2095,22
2096,21
2097,19
2098,11
2099,14
2100,21
2101,22
2102,21
2103,21
2104,11
2105,18
2106,21
2107,21
2108,21
2109,21
2110,21
2111,12
2112,2
2113,21
2114,21
2115,14
2116,22
2117,2
2118,21
2119,12
2120,12
2121,14
2122,27
2123,14
2124,22
2125,22
2126,22
2127,19
2128,18
2129,22
2130,6
2131,20
2132,18
2133,18
2134,2
2135,21
2136,20
2137,21
2138,21
2139,18
2140,19
2141,14
2142,3
2143,22
2144,19
2145,21
2146,3
2147,13
2148,2
2149,21
2150,14
2151,12
2152,21
2153,20
2154,21
2155,20
2156,21
2157,11
2158,11
2159,21
2160,21
2161,20
2162,14
2163,23
2164,21
2165,6
2166,21
2167,14
2168,14
2169,18
2170,22
2171,22
2172,11
2173,22
2174,20
2175,22
2176,18
2177,18
2178,22
2179,21
2180,21
2181,22
2182,20
2183,19
2184,22
2185,12
2186,21
2187,2
2188,18
2189,27
2190,20
2191,3
2192,18
2193,20
2194,20
2195,20
2196,21
2197,18
2198,20
2199,11
2200,11
2201,22
2202,2
2203,12
2204,18
2205,2
2206,19
2207,11
2208,2
2209,21
2210,22
2211,20
2212,21
2213,2
2214,22
2215,21
2216,22
2217,20
2218,22
2219,18
2220,20
2221,18
2222,22
2223,3
2224,20
2225,3
2226,12
2227,20
2228,21
2229,18
2230,11
2231,14
2232,22
2233,19
2234,18
2235,12
2236,22
2237,3
2238,23
2239,21
2240,22
2241,21
2242,21
2243,22
2244,22
2245,27
2246,18
2247,22
2248,6
2249,22
2250,19
2251,14
2252,21
2253,14
2254,22
2255,21
2256,3
2257,19
2258,21
2259,3
2260,21
2261,2
2262,22
2263,2
2264,11
2265,22
2266,12
2267,22
2268,23
2269,14
2270,23
2271,23
2272,21
2273,18
2274,22
2275,2
2276,21
2277,22
2278,18
2279,22
2280,13
2281,22
2282,22
2283,14
2284,11
2285,18
2286,22
2287,18
2288,14
2289,3
2290,3
2291,22
2292,13
2293,22
2294,12
2295,6
2296,21
2297,19
2298,3
2299,2
2300,20
2301,18
2302,19
2303,22
2304,13
2305,3
2306,14
2307,2
2308,11
2309,19
2310,2
2311,21
2312,19
2313,21
2314,21
2315,3
2316,21
2317,21
2318,3
2319,19
2320,19
2321,14
2322,2
2323,19
2324,19
2325,23
2326,22
2327,22
2328,21
2329,21
2330,2
2331,11
2332,22
2333,14
2334,20
2335,21
2336,22
2337,3
2338,21
2339,21
2340,21
2341,25
2342,7
2343,18
2344,19
2345,13
2346,22
2347,21
2348,11
2349,14
2350,22
2351,21
2352,19
2353,22
2354,6
2355,2
2356,21
2357,3
2358,21
2359,19
2360,22
2361,14
2362,18
2363,19
2364,11
2365,12
2366,18
2367,22
2368,14
2369,18
2370,12
2371,2
2372,22
2373,21
2374,14
2375,14
2376,19
2377,22
2378,22
2379,21
2380,11
2381,27
2382,22
2383,18
2384,22
2385,22
2386,18
2387,11
2388,21
2389,21
2390,19
2391,18
2392,27
2393,21
2394,18
2395,27
2396,23
2397,21
2398,19
2399,21
2400,11
2401,19
2402,19
2403,1
2404,19
2405,22
2406,19
2407,3
2408,22
2409,14
2410,3
2411,21
2412,21
2413,21
2414,21
2415,18
2416,22
2417,20
2418,14
2419,14
2420,21
2421,11
2422,22
2423,18
2424,23
2425,18
2426,21
2427,2
2428,14
2429,21
2430,18
2431,22
2432,18
2433,22
2434,2
2435,20
2436,27
2437,18
2438,21
2439,18
2440,27
2441,22
2442,2
2443,12
2444,21
2445,18
2446,19
2447,13
2448,26
2449,14
2450,19
2451,18
2452,2
2453,19
2454,20
2455,22
2456,20
2457,2
2458,22
2459,13
2460,20
2461,2
2462,22
2463,22
2464,11
2465,21
2466,21
2467,2
2468,18
2469,22
2470,19
2471,12
2472,19
2473,11
2474,22
2475,19
2476,6
2477,25
2478,22
2479,22
2480,23
2481,25
2482,14
2483,11
2484,22
2485,22
2486,22
2487,14
2488,22
2489,22
2490,12
2491,2
2492,22
2493,21
2494,6
2495,21
2496,14
2497,14
2498,1
2499,22
2500,27
2501,19
2502,22
2503,21
2504,23
2505,18
2506,2
2507,20
2508,22
2509,14
2510,21
2511,19
2512,3
2513,21
2514,22
2515,19
2516,22
2517,2
2518,2
2519,14
2520,20
2521,20
2522,21
2523,22
2524,22
2525,3
2526,25
2527,21
2528,3
2529,22
2530,21
2531,20
2532,18
2533,11
2534,22
2535,14
2536,3
2537,22
2538,22
2539,22
2540,2
2541,18
2542,22
2543,22
2544,21
2545,22
2546,18
2547,21
2548,18
2549,13
2550,27
2551,21
2552,13
2553,19
2554,1
2555,21
2556,1
2557,21
2558,27
2559,21
2560,13
2561,21
2562,21
2563,20
2564,12
2565,27
2566,21
2567,20
2568,22
2569,14
2570,20
2571,11
2572,21
2573,20
2574,2
2575,12
2576,11
2577,27
2578,21
2579,21
2580,25
2581,21
2582,19
2583,18
2584,12
2585,22
2586,25
2587,21
2588,22
2589,13
2590,18
2591,18
2592,22
2593,12
2594,21
2595,2
2596,18
2597,22
2598,22
2599,19
2600,22
2601,22
2602,20
2603,22
2604,20
2605,22
2606,21
2607,12
2608,20
2609,22
2610,14
2611,22
2612,21
2613,22
2614,21
2615,2
2616,14
2617,20
2618,22
2619,22
2620,22
2621,6
2622,22
2623,20
2624,22
2625,22
2626,21
2627,19
2628,14
2629,22
2630,21
2631,21
2632,13
2633,23
2634,20
2635,21
2636,22
2637,22
2638,22
2639,27
2640,21
2641,22
2642,19
2643,13
2644,3
2645,22
2646,21
2647,22
2648,21
2649,21
2650,21
2651,3
2652,3
2653,3
2654,22
2655,21
2656,18
2657,21
2658,22
2659,27
2660,21
2661,19
2662,14
2663,27
2664,22
2665,1
2666,2
2667,22
2668,3
2669,20
2670,6
2671,22
2672,22
2673,21
2674,21
2675,13
2676,19
2677,19
2678,19
2679,22
2680,19
2681,21
2682,3
2683,2
2684,20
2685,21
2686,14
2687,22
2688,20
2689,19
2690,22
2691,22
2692,14
2693,22
2694,2
2695,14
2696,12
2697,6
2698,21
2699,22
2700,11
2701,23
2702,12
2703,6
2704,2
2705,2
2706,3
2707,22
2708,3
2709,14
2710,21
2711,21
2712,20
2713,2
2714,11
2715,22
2716,21
2717,14
2718,23
2719,19
2720,14
2721,22
2722,12
2723,18
2724,22
2725,21
2726,21
2727,11
2728,21
2729,21
2730,20
2731,18
2732,19
2733,18
2734,2
2735,19
2736,18
2737,21
2738,19
2739,14
2740,12
2741,2
2742,14
2743,20
2744,21
2745,12
2746,19
2747,21
2748,23
2749,22
2750,18
2751,12
2752,18
2753,19
2754,21
2755,22
2756,21
2757,22
2758,22
2759,14
2760,18
2761,21
2762,22
2763,20
2764,22
2765,6
2766,12
2767,19
2768,18
2769,14
2770,14
2771,21
2772,21
2773,2
2774,1
2775,18
2776,2
2777,21
2778,2
2779,19
2780,21
2781,2
2782,21
2783,21
2784,22
2785,2
2786,14
2787,3
2788,21
2789,19
2790,22
2791,19
2792,12
2793,21
2794,14
2795,22
2796,18
2797,21
2798,19
2799,18
2800,18
2801,22
2802,14
2803,2
2804,22
2805,3
2806,22
2807,6
2808,2
2809,20
2810,14
2811,21
2812,21
2813,21
2814,21
2815,14
2816,21
2817,21
2818,25
2819,6
2820,21
2821,20
2822,2
2823,22
2824,14
2825,21
2826,18
2827,18
2828,20
2829,18
2830,12
2831,21
2832,21
2833,2
2834,14
2835,19
2836,21
2837,14
2838,21
2839,21
2840,3
2841,13
2842,21
2843,22
2844,19
2845,21
2846,22
2847,21
2848,14
2849,14
2850,2
2851,12
2852,2
2853,21
2854,18
2855,18
2856,19
2857,14
2858,22
2859,21
2860,21
2861,18
2862,2
2863,22
2864,2
2865,21
2866,20
2867,22
2868,2
2869,27
2870,22
2871,3
2872,27
2873,2
2874,20
2875,7
2876,22
2877,22
2878,18
2879,22
2880,22
2881,14
2882,21
2883,2
2884,18
2885,21
2886,22
2887,22
2888,21
2889,19
2890,2
2891,22
2892,18
2893,12
2894,21
2895,21
2896,18
2897,21
2898,2
2899,21
2900,21
2901,19
2902,13
2903,21
2904,11
2905,12
2906,23
2907,21
2908,2
2909,20
2910,22
2911,11
2912,14
2913,14
2914,11
2915,18
2916,3
2917,13
2918,22
2919,1
2920,21
2921,14
2922,22
2923,11
2924,25
2925,19
2926,20
2927,21
2928,3
2929,22
2930,22
2931,18
2932,2
2933,21
2934,21
2935,6
2936,21
2937,2
2938,14
2939,2
2940,21
2941,18
2942,2
2943,6
2944,12
2945,20
2946,23
2947,22
2948,19
2949,12
2950,22
2951,3
2952,21
2953,19
2954,2
2955,21
2956,21
2957,22
2958,2
2959,12
2960,19
2961,19
2962,18
2963,12
2964,21
2965,12
2966,14
2967,21
2968,19
2969,18
2970,21
2971,18
2972,18
2973,18
2974,14
2975,22
2976,2
2977,22
2978,21
2979,2
2980,11
2981,23
2982,12
2983,22
2984,14
2985,19
2986,22
2987,20
2988,3
2989,27
2990,19
2991,20
2992,22
2993,23
2994,19
2995,21
2996,21
2997,22
2998,22
2999,21
3000,22
3001,13
3002,21
3003,20
3004,21
3005,1
3006,18
3007,19
3008,18
3009,25
3010,21
3011,14
3012,22
3013,19
3014,21
3015,2
3016,11
3017,18
3018,18
3019,22
3020,22
3021,22
3022,22
3023,3
3024,2
3025,18
3026,22
3027,21
3028,22
3029,22
3030,18
3031,20
3032,14
3033,14
3034,27
3035,2
3036,21
3037,11
3038,2
3039,1
3040,21
3041,18
3042,19
3043,22
3044,22
3045,25
3046,21
3047,12
3048,3
3049,14
3050,11
3051,20
3052,22
3053,25
3054,22
3055,22
3056,22
3057,21
3058,19
3059,19
3060,18
3061,22
3062,22
3063,22
3064,22
3065,22
3066,21
3067,13
3068,6
3069,3
3070,22
3071,22
3072,22
3073,18
3074,21
3075,20
3076,22
3077,19
3078,21
3079,20
3080,2
3081,21
3082,21
3083,21
3084,21
3085,22
3086,20
3087,14
3088,14
3089,2
3090,21
3091,25
3092,13
3093,23
3094,14
3095,20
3096,3
3097,13
3098,18
3099,20
3100,19
3101,2
3102,22
3103,21
3104,22
3105,2
3106,21
3107,20
3108,14
3109,27
3110,14
3111,22
3112,21
3113,27
3114,21
3115,13
3116,21
3117,13
3118,21
3119,18
3120,22
3121,2
3122,25
3123,21
3124,18
3125,19
3126,21
3127,21
3128,23
3129,14
3130,21
3131,21
3132,6
3133,22
3134,19
3135,2
3136,22
3137,22
3138,11
3139,22
3140,18
3141,21
3142,22
3143,11
3144,22
3145,21
3146,19
3147,19
3148,2
3149,19
3150,13
3151,18
3152,21
3153,23
3154,21
3155,22
3156,6
3157,12
3158,19
3159,23
3160,27
3161,22
3162,14
3163,21
3164,19
3165,20
3166,3
3167,13
3168,22
3169,14
3170,25
3171,22
3172,13
3173,20
3174,27
3175,19
3176,22
3177,22
3178,14
3179,21
3180,19
3181,6
3182,18
3183,18
3184,2
3185,21
3186,21
3187,19
3188,23
3189,6
3190,21
3191,21
3192,14
3193,18
3194,22
3195,22
3196,22
3197,22
3198,2
3199,22
3200,21
3201,19
3202,22
3203,20
3204,27
3205,22
3206,21
3207,2
3208,6
3209,19
3210,12
3211,20
3212,21
3213,3
3214,18
3215,20
3216,19
3217,21
3218,6
3219,12
3220,22
3221,19
3222,2
3223,25
3224,3
3225,11
3226,21
3227,19
3228,23
3229,2
3230,14
3231,22
3232,21
3233,12
3234,21
3235,3
3236,21
3237,22
3238,19
3239,13
3240,22
3241,22
3242,21
3243,3
3244,22
3245,21
3246,21
3247,19
3248,21
3249,21
3250,22
3251,21
3252,22
3253,21
3254,22
3255,14
3256,2
3257,13
3258,20
3259,18
3260,20
3261,21
3262,21
3263,20
3264,22
3265,21
3266,14
3267,18
3268,3
3269,20
3270,21
3271,19
3272,22
3273,22
3274,22
3275,19
3276,6
3277,20
3278,21
3279,22
3280,19
3281,18
3282,21
3283,3
3284,22
3285,21
3286,20
3287,19
3288,22
3289,2
3290,19
3291,22
3292,21
3293,2
3294,22
3295,2
3296,21
3297,19
3298,22
3299,19
3300,23
3301,20
3302,20
3303,18
3304,20
3305,2
3306,3
3307,18
3308,22
3309,22
3310,6
3311,22
3312,14
3313,12
3314,18
3315,21
3316,21
3317,22
3318,21
3319,1
3320,18
3321,19
3322,22
3323,21
3324,20
3325,19
3326,21
3327,14
3328,2
3329,21
3330,19
3331,21
3332,21
3333,21
3334,20
3335,20
3336,18
3337,14
3338,6
3339,2
3340,14
3341,12
3342,13
3343,22
3344,14
3345,22
3346,11
3347,21
3348,22
3349,20
3350,18
3351,18
3352,21
3353,2
3354,3
3355,6
3356,14
3357,11
3358,13
3359,2
3360,11
3361,18
3362,21
3363,21
3364,6
3365,22
3366,22
3367,22
3368,11
3369,2
3370,19
3371,21
3372,22
3373,21
3374,21
3375,12
3376,19
3377,20
3378,22
3379,18
3380,19
3381,12
3382,2
3383,21
3384,14
3385,21
3386,19
3387,20
3388,20
3389,22
3390,11
3391,22
3392,13
3393,27
3394,22
3395,21
3396,12
3397,22
3398,18
3399,21
3400,11
3401,20
3402,22
3403,12
3404,19
3405,19
3406,14
3407,2
3408,14
3409,22
3410,20
3411,20
3412,22
3413,22
3414,2
3415,14
3416,21
3417,6
3418,20
3419,20
3420,6
3421,21
3422,2
3423,19
3424,22
3425,21
3426,18
3427,20
3428,21
3429,13
3430,18
3431,2
3432,22
3433,12
3434,21
3435,11
3436,22
3437,19
3438,12
3439,21
3440,19
3441,14
3442,21
3443,22
3444,19
3445,20
3446,14
3447,11
3448,22
3449,21
3450,22
3451,22
3452,11
3453,21
3454,20
3455,22
3456,21
3457,3
3458,14
3459,3
3460,21
3461,19
3462,19
3463,19
3464,21
3465,2
3466,21
3467,22
3468,20
3469,14
3470,14
3471,12
3472,18
3473,6
3474,3
3475,21
3476,14
3477,20
3478,19
3479,18
3480,22
3481,19
3482,21
3483,27
3484,20
3485,22
3486,21
3487,14
3488,27
3489,18
3490,21
3491,1
3492,2
3493,12
3494,23
3495,22
3496,19
3497,12
3498,20
3499,22
3500,21
3501,3
3502,2
3503,14
3504,12
3505,21
3506,14
3507,22
3508,22
3509,22
3510,2
3511,26
3512,22
3513,19
3514,18
3515,18
3516,21
3517,21
3518,18
3519,18
3520,12
3521,3
3522,20
3523,21
3524,19
3525,18
3526,27
3527,21
3528,22
3529,22
3530,22
3531,21
3532,14
3533,12
3534,14
3535,27
3536,18
3537,21
3538,21
3539,19
3540,14
3541,11
3542,21
3543,2
3544,11
3545,19
3546,20
3547,21
3548,21
3549,21
3550,21
3551,11
3552,18
3553,22
3554,22
3555,21
3556,6
3557,18
3558,22
3559,23
3560,14
3561,18
3562,21
3563,2
3564,20
3565,2
3566,19
3567,21
3568,21
3569,21
3570,27
3571,18
3572,14
3573,20
3574,27
3575,27
3576,21
3577,12
3578,21
3579,23
3580,1
3581,21
3582,25
3583,19
3584,21
3585,25
3586,19
3587,2
3588,21
3589,22
3590,14
3591,23
3592,14
3593,20
3594,21
3595,21
3596,22
3597,23
3598,18
3599,2
3600,18
3601,22
3602,20
3603,19
3604,22
3605,12
3606,18
3607,1
3608,19
3609,14
3610,21
3611,21
3612,18
3613,21
3614,14
3615,19
3616,21
3617,2
3618,19
3619,21
3620,20
3621,19
3622,22
3623,21
3624,2
3625,22
3626,21
3627,25
3628,22
3629,22
3630,20
3631,18
3632,21
3633,22
3634,14
3635,2
3636,27
3637,18
3638,21
3639,21
3640,22
3641,21
3642,20
3643,21
3644,19
3645,21
3646,21
3647,11
3648,21
3649,21
3650,19
3651,2
3652,12
3653,12
3654,18
3655,20
3656,21
3657,14
3658,18
3659,21
3660,18
3661,14
3662,21
3663,21
3664,22
3665,22
3666,21
3667,22
3668,19
3669,22
3670,22
3671,21
3672,20
3673,22
3674,22
3675,14
3676,21
3677,22
3678,21
3679,21
3680,18
3681,22
3682,11
3683,21
3684,3
3685,13
3686,18
3687,27
3688,21
3689,14
3690,2
3691,14
3692,21
3693,18
3694,20
3695,18
3696,11
3697,22
3698,21
3699,21
3700,23
3701,19
3702,14
3703,22
3704,19
3705,20
3706,14
3707,20
3708,21
3709,2
3710,11
3711,22
3712,21
3713,22
3714,3
3715,13
3716,21
3717,11
3718,11
3719,20
3720,18
3721,12
3722,18
3723,22
3724,13
3725,21
3726,18
3727,14
3728,2
3729,18
3730,2
3731,21
3732,11
3733,27
3734,22
3735,22
3736,11
3737,13
3738,19
3739,21
3740,2
3741,20
3742,20
3743,14
3744,12
3745,21
3746,18
3747,14
3748,21
3749,27
3750,6
3751,22
3752,21
3753,20
3754,18
3755,22
3756,22
3757,11
3758,22
3759,22
3760,18
3761,14
3762,27
3763,22
3764,27
3765,18
3766,19
3767,12
3768,21
3769,22
3770,18
3771,22
3772,21
3773,25
3774,6
3775,14
3776,22
3777,22
3778,22
3779,18
3780,19
3781,22
3782,21
3783,21
3784,19
3785,22
3786,14
3787,2
3788,22
3789,19
3790,22
3791,18
3792,14
3793,13
3794,21
3795,18
3796,2
3797,21
3798,1
3799,18
3800,18
3801,20
3802,21
3803,21
3804,21
3805,27
3806,2
3807,12
3808,14
3809,20
3810,21
3811,21
3812,22
3813,22
3814,21
3815,12
3816,18
3817,21
3818,18
3819,20
3820,21
3821,22
3822,19
3823,19
3824,21
3825,14
3826,21
3827,11
3828,21
3829,22
3830,14
3831,22
3832,21
3833,21
3834,19
3835,19
3836,22
3837,25
3838,18
3839,2
3840,3
3841,22
3842,18
3843,18
3844,21
3845,18
3846,19
3847,11
3848,21
3849,22
3850,19
3851,25
3852,22
3853,1
3854,3
3855,18
3856,22
3857,20
3858,22
3859,18
3860,19
3861,21
3862,20
3863,20
3864,18
3865,22
3866,19
3867,6
3868,23
3869,21
3870,20
3871,22
3872,2
3873,22
3874,20
3875,22
3876,27
3877,21
3878,21
3879,22
3880,21
3881,21
3882,3
3883,21
3884,13
3885,14
3886,22
3887,22
3888,23
3889,21
3890,18
3891,22
3892,23
3893,22
3894,14
3895,21
3896,22
3897,20
3898,21
3899,14
3900,6
3901,2
3902,22
3903,7
3904,22
3905,21
3906,21
3907,14
3908,21
3909,11
3910,11
3911,22
3912,11
3913,22
3914,22
3915,13
3916,21
3917,21
3918,18
3919,12
3920,14
3921,6
3922,18
3923,22
3924,21
3925,14
3926,22
3927,18
3928,1
3929,2
3930,19
3931,22
3932,22
3933,2
3934,20
3935,21
3936,6
3937,21
3938,14
3939,19
3940,21
3941,14
3942,19
3943,12
3944,20
3945,22
3946,20
3947,22
3948,22
3949,13
3950,18
3951,21
3952,22
3953,11
3954,21
3955,22
3956,22
3957,3
3958,27
3959,20
3960,18
3961,20
3962,27
3963,21
3964,12
3965,3
3966,21
3967,21
3968,14
3969,2
3970,21
3971,18
3972,20
3973,20
3974,11
3975,21
3976,22
3977,19
3978,21
3979,18
3980,2
3981,12
3982,19
3983,18
3984,3
3985,20
3986,11
3987,22
3988,27
3989,13
3990,6
3991,14
3992,22
3993,22
3994,27
3995,22
3996,22
3997,14
3998,22
3999,20
4000,22
4001,12
4002,3
4003,22
4004,14
4005,12
4006,12
4007,22
4008,3
4009,21
4010,21
4011,22
4012,6
4013,2
4014,21
4015,11
4016,21
4017,21
4018,14
4019,19
4020,20
4021,21
4022,13
4023,21
4024,21
4025,22
4026,18
4027,22
4028,21
4029,21
4030,22
4031,19
4032,22
4033,22
4034,18
4035,18
4036,22
4037,21
4038,21
4039,2
4040,21
4041,22
4042,22
4043,21
4044,13
4045,19
4046,21
4047,19
4048,21
4049,21
4050,14
4051,21
4052,2
4053,22
4054,2
4055,21
4056,3
4057,21
4058,22
4059,20
4060,14
4061,14
4062,22
4063,22
4064,6
4065,21
4066,23
4067,22
4068,21
4069,11
4070,21
4071,21
4072,14
4073,21
4074,12
4075,19
4076,12
4077,6
4078,19
4079,22
4080,18
4081,13
4082,19
4083,11
4084,12
4085,21
4086,18
4087,22
4088,22
4089,23
4090,27
4091,22
4092,21
4093,18
4094,2
4095,20
4096,22
4097,12
4098,19
4099,23
4100,22
4101,18
4102,21
4103,18
4104,21
4105,19
4106,20
4107,19
4108,20
4109,27
4110,21
4111,20
4112,2
4113,22
4114,21
4115,14
4116,19
4117,21
4118,19
4119,2
4120,22
4121,13
4122,21
4123,18
4124,2
4125,2
4126,21
4127,20
4128,14
4129,20
4130,21
4131,22
4132,21
4133,22
4134,18
4135,20
4136,20
4137,22
4138,20
4139,14
4140,21
4141,21
4142,18
4143,12
4144,20
4145,12
4146,18
4147,14
4148,22
4149,2
4150,12
4151,27
4152,3
4153,21
4154,22
4155,2
4156,12
4157,22
4158,22
4159,2
4160,2
4161,27
4162,3
4163,27
4164,21
4165,21
4166,6
4167,21
4168,22
4169,21
4170,21
4171,22
4172,22
4173,27
4174,18
4175,21
4176,19
4177,21
4178,11
4179,11
4180,12
4181,22
4182,6
4183,21
4184,22
4185,6
4186,2
4187,2
4188,21
4189,6
4190,21
4191,19
4192,18
4193,18
4194,12
4195,20
4196,21
4197,11
4198,22
4199,2
4200,21
4201,14
4202,20
4203,18
4204,20
4205,21
4206,21
4207,22
4208,18
4209,2
4210,3
4211,12
4212,22
4213,22
4214,19
4215,3
4216,18
4217,21
4218,21
4219,21
4220,14
4221,22
4222,22
4223,19
4224,14
4225,21
4226,21
4227,22
4228,2
4229,13
4230,21
4231,22
4232,22
4233,22
4234,18
4235,14
4236,14
4237,14
4238,18
4239,11
4240,21
4241,21
4242,19
4243,2
4244,18
4245,22
4246,19
4247,22
4248,13
4249,22
4250,21
4251,21
4252,22
4253,22
4254,11
4255,18
4256,21
4257,21
4258,11
4259,14
4260,12
4261,14
4262,14
4263,2
4264,22
4265,19
4266,21
4267,22
4268,23
4269,22
4270,21
4271,22
4272,22
4273,19
4274,22
4275,3
4276,3
4277,18
4278,14
4279,21
4280,20
4281,27
4282,21
4283,21
4284,22
4285,13
4286,2
4287,2
4288,21
4289,22
4290,14
4291,21
4292,22
4293,3
4294,22
4295,22
4296,22
4297,22
4298,21
4299,21
4300,22
4301,14
4302,20
4303,21
4304,21
4305,21
4306,22
4307,22
4308,22
4309,14
4310,2
4311,19
4312,22
4313,20
4314,20
4315,21
4316,21
4317,6
4318,21
4319,18
4320,22
4321,21
4322,22
4323,11
4324,2
4325,19
4326,21
4327,25
4328,2
4329,11
4330,2
4331,27
4332,21
4333,21
4334,20
4335,13
4336,19
4337,11
4338,22
4339,2
4340,19
4341,21
4342,19
4343,22
4344,21
4345,22
4346,20
4347,21
4348,22
4349,2
4350,11
4351,25
4352,3
4353,21
4354,21
4355,3
4356,19
4357,18
4358,20
4359,22
4360,11
4361,20
4362,22
4363,22
4364,11
4365,22
4366,21
4367,3
4368,21
4369,19
4370,11
4371,18
4372,21
4373,3
4374,11
4375,21
4376,21
4377,22
4378,23
4379,22
4380,22
4381,22
4382,22
4383,14
4384,20
4385,14
4386,13
4387,22
4388,21
4389,22
4390,21
4391,22
4392,12
4393,21
4394,11
4395,22
4396,21
4397,20
4398,2
4399,2
4400,22
4401,20
4402,13
4403,3
4404,20
4405,12
4406,21
4407,22
4408,21
4409,11
4410,11
4411,14
4412,21
4413,22
4414,19
4415,21
4416,22
4417,3
4418,22
4419,19
4420,19
4421,21
4422,12
4423,22
4424,22
4425,2
4426,20
4427,21
4428,21
4429,19
4430,21
4431,23
4432,25
4433,19
4434,22
4435,20
4436,19
4437,20
4438,22
4439,19
4440,21
4441,19
4442,21
4443,19
4444,20
4445,18
4446,1
4447,13
4448,27
4449,14
4450,18
4451,21
4452,20
4453,3
4454,19
4455,18
4456,18
4457,22
4458,12
4459,19
4460,11
4461,6
4462,3
4463,21
4464,14
4465,18
4466,18
4467,22
4468,2
4469,18
4470,14
4471,22
4472,18
4473,23
4474,21
4475,21
4476,18
4477,2
4478,13
4479,21
4480,22
4481,18
4482,21
4483,2
4484,19
4485,19
4486,21
4487,19
4488,3
4489,21
4490,21
4491,22
4492,18
4493,22
4494,21
4495,11
4496,22
4497,13
4498,22
4499,1
4500,20
4501,22
4502,22
4503,19
4504,3
4505,19
4506,25
4507,21
4508,19
4509,14
4510,14
4511,2
4512,11
4513,20
4514,22
4515,2
4516,1
4517,2
4518,6
4519,19
4520,2
4521,21
4522,19
4523,23
4524,22
4525,22
4526,21
4527,18
4528,22
4529,11
4530,21
4531,14
4532,11
4533,14
4534,3
4535,14
4536,21
4537,14
4538,3
4539,21
4540,21
4541,21
4542,22
4543,14
4544,21
4545,14
4546,25
4547,22
4548,21
4549,22
4550,3
4551,18
4552,19
4553,6
4554,21
4555,11
4556,14
4557,21
4558,1
4559,22
4560,19
4561,2
4562,21
4563,22
4564,2
4565,18
4566,22
4567,20
4568,22
4569,18
4570,22
4571,27
4572,22
4573,6
4574,20
4575,22
4576,20
4577,18
4578,19
4579,22
4580,22
4581,20
4582,19
4583,19
4584,22
4585,22
4586,20
4587,18
4588,11
4589,22
4590,20
4591,3
4592,14
4593,21
4594,3
4595,3
4596,21
4597,18
4598,18
4599,19
4600,21
4601,21
4602,21
4603,18
4604,14
4605,21
4606,22
4607,21
4608,18
4609,22
4610,21
4611,18
4612,2
4613,13
4614,1
4615,13
4616,19
4617,19
4618,19
4619,22
4620,21
4621,2
4622,18
4623,27
4624,19
4625,14
4626,23
4627,21
4628,22
4629,13
4630,21
4631,22
4632,21
4633,20
4634,21
4635,18
4636,22
4637,22
4638,21
4639,2
4640,13
4641,2
4642,14
4643,14
4644,19
4645,27
4646,21
4647,21
4648,22
4649,19
4650,20
4651,25
4652,22
4653,21
4654,21
4655,19
4656,21
4657,14
4658,2
4659,11
4660,22
4661,20
4662,21
4663,27
4664,21
4665,18
4666,21
4667,3
4668,13
4669,21
4670,2
4671,20
4672,14
4673,22
4674,21
4675,14
4676,19
4677,21
4678,21
4679,14
4680,18
4681,21
4682,22
4683,22
4684,21
4685,27
4686,19
4687,20
4688,12
4689,21
4690,21
4691,3
4692,22
4693,21
4694,13
4695,3
4696,21
4697,1
4698,21
4699,20
4700,21
4701,18
4702,3
4703,14
4704,21
4705,21
4706,19
4707,14
4708,21
4709,20
4710,21
4711,22
4712,21
4713,20
4714,18
4715,19
4716,22
4717,22
4718,22
4719,19
4720,21
4721,23
4722,25
4723,3
4724,22
4725,22
4726,27
4727,21
4728,19
4729,14
4730,18
4731,20
4732,19
4733,20
4734,22
4735,3
4736,21
4737,2
4738,22
4739,22
4740,21
4741,18
4742,18
4743,21
4744,22
4745,21
4746,22
4747,22
4748,21
4749,21
4750,22
4751,22
4752,6
4753,21
4754,2
4755,19
4756,21
4757,22
4758,18
4759,21
4760,21
4761,22
4762,12
4763,18
4764,14
4765,21
4766,20
4767,22
4768,19
4769,22
4770,22
4771,22
4772,22
4773,14
4774,21
4775,21
4776,19
4777,2
4778,14
4779,21
4780,21
4781,21
4782,14
4783,14
4784,21
4785,12
4786,22
4787,22
4788,22
4789,21
4790,22
4791,12
4792,27
4793,22
4794,21
4795,22
4796,19
4797,18
4798,25
4799,3
4800,11
4801,19
4802,22
4803,21
4804,18
4805,21
4806,22
4807,25
4808,22
4809,18
4810,21
4811,14
4812,22
4813,22
4814,21
4815,21
4816,27
4817,21
4818,14
4819,27
4820,22
4821,12
4822,22
4823,19
4824,23
4825,18
4826,14
4827,14
4828,20
4829,22
4830,2
4831,22
4832,21
4833,11
4834,21
4835,21
4836,21
4837,21
4838,11
4839,21
4840,14
4841,21
4842,3
4843,20
4844,25
4845,20
4846,27
4847,19
4848,21
4849,22
4850,20
4851,22
4852,18
4853,2
4854,25
4855,22
4856,18
4857,2
4858,2
4859,2
4860,13
4861,23
4862,21
4863,21
4864,18
4865,12
4866,21
4867,18
4868,14
4869,22
4870,3
4871,12
4872,21
4873,3
4874,2
4875,12
4876,20
4877,3
4878,18
4879,2
4880,22
4881,14
4882,22
4883,22
4884,12
4885,18
4886,3
4887,14
4888,22
4889,3
4890,6
4891,2
4892,14
4893,21
4894,21
4895,13
4896,19
4897,22
4898,2
4899,21
4900,12
4901,21
4902,21
4903,1
4904,21
4905,21
4906,22
4907,12
4908,22
4909,22
4910,19
4911,21
4912,23
4913,19
4914,21
4915,14
4916,20
4917,18
4918,18
4919,21
4920,3
4921,23
4922,18
4923,20
4924,27
4925,20
4926,14
4927,22
4928,21
4929,3
4930,22
4931,2
4932,22
4933,21
4934,27
4935,18
4936,3
4937,22
4938,3
4939,18
4940,6
4941,22
4942,22
4943,12
4944,22
4945,13
4946,21
4947,22
4948,11
4949,25
4950,21
4951,19
4952,18
4953,21
4954,21
4955,21
4956,2
4957,19
4958,21
4959,12
4960,21
4961,14
4962,18
4963,20
4964,22
4965,1
4966,21
4967,20
4968,11
4969,19
4970,3
4971,11
4972,20
4973,22
4974,22
4975,14
4976,21
4977,22
4978,21
4979,22
4980,2
4981,21
4982,22
4983,22
4984,20
4985,2
4986,21
4987,19
4988,22
4989,23
4990,14
4991,22
4992,14
4993,2
4994,2
4995,21
4996,22
4997,14
4998,21
4999,22
5000,18
5001,22
5002,21
5003,21
5004,21
5005,18
5006,21
5007,22
5008,18
5009,20
5010,21
5011,22
5012,2
5013,18
5014,20
5015,22
5016,6
5017,12
5018,3
5019,22
5020,22
5021,3
5022,19
5023,2
5024,21
5025,21
5026,6
5027,19
5028,18
5029,11
5030,21
5031,1
5032,25
5033,18
5034,18
5035,13
5036,22
5037,21
5038,14
5039,22
5040,23
5041,22
5042,22
5043,22
5044,21
5045,21
5046,22
5047,22
5048,18
5049,22
5050,22
5051,20
5052,22
5053,21
5054,21
5055,2
5056,2
5057,18
5058,21
5059,6
5060,19
5061,19
5062,22
5063,23
5064,2
5065,22
5066,22
5067,22
5068,19
5069,2
5070,6
5071,22
5072,14
5073,2
5074,21
5075,11
5076,22
5077,14
5078,14
5079,2
5080,19
5081,23
5082,14
5083,21
5084,21
5085,22
5086,22
5087,19
5088,23
5089,13
5090,2
5091,25
5092,2
5093,6
5094,21
5095,21
5096,12
5097,14
5098,20
5099,20
5100,19
5101,22
5102,21
5103,19
5104,21
5105,14
5106,22
5107,21
5108,20
5109,11
5110,22
5111,21
5112,18
5113,22
5114,22
5115,14
5116,21
5117,2
5118,19
5119,18
5120,20
5121,3
5122,18
5123,21
5124,21
5125,3
5126,2
5127,12
5128,6
5129,20
5130,21
5131,21
5132,22
5133,14
5134,21
5135,14
5136,21
5137,22
5138,22
5139,3
5140,18
5141,22
5142,12
5143,18
5144,22
5145,14
5146,6
5147,11
5148,19
5149,22
5150,18
5151,2
5152,22
5153,21
5154,22
5155,11
5156,13
5157,21
5158,22
5159,3
5160,6
5161,23
5162,21
5163,20
5164,2
5165,14
5166,20
5167,21
5168,21
5169,20
5170,18
5171,21
5172,1
5173,3
5174,21
5175,14
5176,21
5177,22
5178,22
5179,6
5180,19
5181,19
5182,13
5183,2
5184,21
5185,21
5186,19
5187,2
5188,19
5189,22
5190,18
5191,11
5192,27
5193,14
5194,21
5195,19
5196,22
5197,22
5198,19
5199,21
5200,21
5201,14
5202,21
5203,3
5204,22
5205,14
5206,18
5207,11
5208,18
5209,12
5210,22
5211,22
5212,22
5213,20
5214,25
5215,21
5216,20
5217,20
5218,20
5219,22
5220,20
5221,6
5222,19
5223,18
5224,22
5225,26
5226,2
5227,21
5228,21
5229,6
5230,2
5231,20
5232,19
5233,12
5234,20
5235,14
5236,22
5237,2
5238,21
5239,11
5240,2
5241,14
5242,22
5243,6
5244,22
5245,22
5246,14
5247,22
5248,21
5249,22
5250,22
5251,21
5252,19
5253,21
5254,19
5255,21
5256,18
5257,25
5258,18
5259,14
5260,13
5261,22
5262,22
5263,11
5264,21
5265,3
5266,21
5267,22
5268,22
5269,20
5270,2
5271,25
5272,19
5273,20
5274,14
5275,19
5276,2
5277,21
5278,14
5279,2
5280,13
5281,18
5282,14
5283,3
5284,18
5285,18
5286,14
5287,2
5288,21
5289,6
5290,11
5291,21
5292,21
5293,3
5294,6
5295,14
5296,2
5297,22
5298,14
5299,22
5300,21
5301,22
5302,22
5303,12
5304,25
5305,19
5306,14
5307,14
5308,2
5309,1
5310,22
5311,22
5312,25
5313,19
5314,1
5315,21
5316,21
5317,21
5318,14
5319,11
5320,21
5321,22
5322,19
5323,20
5324,2
5325,21
5326,22
5327,19
5328,21
5329,21
5330,3
5331,2
5332,18
5333,18
5334,21
5335,20
5336,21
5337,20
5338,20
5339,23
5340,14
5341,14
5342,22
5343,12
5344,19
5345,18
5346,20
5347,3
5348,12
5349,21
5350,25
5351,21
5352,3
5353,13
5354,18
5355,21
5356,3
5357,18
5358,22
5359,22
5360,3
5361,2
5362,20
5363,18
5364,22
5365,22
5366,22
5367,23
5368,22
5369,21
5370,21
5371,22
5372,22
5373,2
5374,20
5375,21
5376,3
5377,22
5378,22
5379,19
5380,18
5381,2
5382,22
5383,25
5384,21
5385,21
5386,19
5387,21
5388,23
5389,18
5390,21
5391,14
5392,22
5393,22
5394,2
5395,19
5396,19
5397,20
5398,22
5399,22
5400,21
5401,21
5402,21
5403,14
5404,20
5405,19
5406,19
5407,19
5408,14
5409,2
5410,3
5411,21
5412,14
5413,21
5414,19
5415,21
5416,23
5417,19
5418,22
5419,22
5420,14
5421,22
5422,21
5423,20
5424,3
5425,21
5426,21
5427,11
5428,11
5429,2
5430,12
5431,19
5432,14
5433,21
5434,19
5435,19
5436,21
5437,21
5438,19
5439,22
5440,23
5441,18
5442,2
5443,22
5444,27
5445,3
5446,14
5447,1
5448,2
5449,21
5450,22
5451,21
5452,2
5453,21
5454,18
5455,27
5456,22
5457,21
5458,23
5459,20
5460,19
5461,2
5462,18
5463,19
5464,23
5465,21
5466,22
5467,6
5468,14
5469,21
5470,3
5471,3
5472,6
5473,3
5474,14
5475,21
5476,20
5477,18
5478,2
5479,21
5480,11
5481,14
5482,12
5483,14
5484,20
5485,14
5486,18
5487,18
5488,19
5489,25
5490,19
5491,21
5492,18
5493,19
5494,20
5495,13
5496,21
5497,20
5498,22
5499,20
5500,14
5501,19
5502,22
5503,25
5504,3
5505,25
5506,22
5507,21
5508,14
5509,12
5510,19
5511,21
5512,20
5513,22
5514,11
5515,25
5516,21
5517,12
5518,2
5519,18
5520,19
5521,6
5522,18
5523,18
5524,22
5525,2
5526,21
5527,25
5528,25
5529,3
5530,20
5531,22
5532,21
5533,22
5534,22
5535,21
5536,22
5537,2
5538,12
5539,14
5540,19
5541,21
5542,22
5543,18
5544,22
5545,18
5546,19
5547,14
5548,19
5549,22
5550,22
5551,6
5552,22
5553,3
5554,18
5555,21
5556,21
5557,22
5558,22
5559,19
5560,22
5561,22
5562,22
5563,12
5564,19
5565,21
5566,11
5567,21
5568,22
5569,2
5570,2
5571,22
5572,21
5573,22
5574,20
5575,22
5576,19
5577,19
5578,2
5579,3
5580,22
5581,19
5582,12
5583,21
5584,11
5585,22
5586,19
5587,12
5588,13
5589,18
5590,12
5591,18
5592,22
5593,22
5594,22
5595,2
5596,13
5597,26
5598,12
5599,22
5600,14
5601,18
5602,11
5603,18
5604,21
5605,19
5606,20
5607,22
5608,14
5609,22
5610,22
5611,18
5612,18
5613,22
5614,12
5615,23
5616,21
5617,14
5618,20
5619,20
5620,22
5621,19
5622,14
5623,14
5624,22
5625,19
5626,14
5627,6
5628,19
5629,21
5630,1
5631,21
5632,25
5633,22
5634,22
5635,21
5636,2
5637,2
5638,14
5639,2
5640,21
5641,2
5642,22
5643,18
5644,2
5645,11
5646,22
5647,21
5648,19
5649,3
5650,14
5651,22
5652,3
5653,18
5654,2
5655,19
5656,12
5657,3
5658,2
5659,2
5660,14
5661,21
5662,21
5663,19
5664,14
5665,12
5666,19
5667,19
5668,22
5669,21
5670,11
5671,20
5672,21
5673,2
5674,19
5675,18
5676,22
5677,21
5678,22
5679,12
5680,21
5681,22
5682,14
5683,19
5684,21
5685,22
5686,21
5687,22
5688,18
5689,21
5690,22
5691,19
5692,22
5693,19
5694,21
5695,12
5696,22
5697,21
5698,14
5699,23
5700,21
5701,21
5702,3
5703,2
5704,21
5705,6
5706,14
5707,22
5708,25
5709,23
5710,19
5711,22
5712,14
5713,22
5714,18
5715,14
5716,22
5717,25
5718,22
5719,21
5720,25
5721,13
5722,21
5723,21
5724,19
5725,3
5726,22
5727,22
5728,2
5729,2
5730,19
5731,22
5732,2
5733,3
5734,18
5735,21
5736,19
5737,22
5738,21
5739,22
5740,14
5741,14
5742,13
5743,21
5744,3
5745,22
5746,14
5747,21
5748,3
5749,22
5750,18
5751,21
5752,21
5753,14
5754,21
5755,18
5756,19
5757,21
5758,22
5759,22
5760,21
5761,21
5762,14
5763,18
5764,19
5765,22
5766,14
5767,19
5768,27
5769,22
5770,21
5771,18
5772,13
5773,18
5774,20
5775,22
5776,2
5777,21
5778,12
5779,18
5780,21
5781,21
5782,22
5783,21
5784,22
5785,22
5786,2
5787,14
5788,21
5789,3
5790,11
5791,18
5792,6
5793,22
5794,21
5795,14
5796,2
5797,20
5798,19
5799,19
5800,22
5801,18
5802,14
5803,22
5804,22
5805,27
5806,22
5807,3
5808,21
5809,6
5810,11
5811,3
5812,19
5813,19
5814,21
5815,21
5816,22
5817,21
5818,6
5819,27
5820,19
5821,14
5822,21
5823,3
5824,2
5825,22
5826,18
5827,14
5828,14
5829,14
5830,22
5831,14
5832,6
5833,14
5834,3
5835,2
5836,19
5837,22
5838,19
5839,11
5840,21
5841,12
5842,19
5843,22
5844,18
5845,19
5846,21
5847,6
5848,19
5849,21
5850,12
5851,19
5852,22
5853,19
5854,20
5855,22
5856,25
5857,21
5858,21
5859,22
5860,22
5861,21
5862,3
5863,3
5864,3
5865,12
5866,18
5867,21
5868,22
5869,2
5870,12
5871,27
5872,27
5873,11
5874,11
5875,13
5876,18
5877,20
5878,23
5879,22
5880,2
5881,22
5882,6
5883,21
5884,21
5885,22
5886,14
5887,11
5888,22
5889,21
5890,22
5891,20
5892,20
5893,18
5894,19
5895,23
5896,21
5897,14
5898,27
5899,21
5900,21
5901,14
5902,14
5903,22
5904,2
5905,20
5906,21
5907,22
5908,21
5909,22
5910,13
5911,22
5912,18
5913,25
5914,3
5915,21
5916,19
5917,19
5918,18
5919,18
5920,14
5921,2
5922,3
5923,21
5924,19
5925,18
5926,21
5927,6
5928,21
5929,14
5930,22
5931,20
5932,21
5933,22
5934,11
5935,22
5936,21
5937,22
5938,20
5939,19
5940,11
5941,3
5942,13
5943,14
5944,3
5945,21
5946,21
5947,14
5948,1
5949,21
5950,20
5951,21
5952,22
5953,21
5954,22
5955,12
5956,22
5957,20
5958,12
5959,22
5960,19
5961,3
5962,20
5963,22
5964,20
5965,14
5966,3
5967,22
5968,21
5969,22
5970,2
5971,2
5972,21
5973,21
5974,18
5975,14
5976,18
5977,22
5978,22
5979,18
5980,21
5981,22
5982,27
5983,22
5984,20
5985,12
5986,18
5987,1
5988,22
5989,21
5990,11
5991,23
5992,20
5993,12
5994,18
5995,14
5996,19
5997,22
5998,18
5999,21
6000,21
6001,12
6002,22
6003,2
6004,21
6005,12
6006,14
6007,21
6008,6
6009,18
6010,18
6011,22
6012,22
6013,2
6014,20
6015,21
6016,19
6017,13
6018,22
6019,21
6020,18
6021,19
6022,2
6023,21
6024,21
6025,20
6026,2
6027,25
6028,22
6029,18
6030,22
6031,18
6032,22
6033,22
6034,19
6035,14
6036,14
6037,22
6038,12
6039,21
6040,22
6041,18
6042,22
6043,18
6044,18
6045,12
6046,11
6047,20
6048,22
6049,22
6050,18
6051,22
6052,12
6053,19
6054,21
6055,12
6056,21
6057,18
6058,21
6059,21
6060,14
6061,2
6062,2
6063,19
6064,22
6065,18
6066,22
6067,13
6068,19
6069,13
6070,20
6071,18
6072,21
6073,2
6074,13
6075,21
6076,21
6077,18
6078,2
6079,3
6080,23
6081,18
6082,14
6083,20
6084,22
6085,2
6086,2
6087,11
6088,2
6089,22
6090,2
6091,21
6092,22
6093,3
6094,22
6095,19
6096,2
6097,22
6098,19
6099,21
6100,14
6101,2
6102,21
6103,22
6104,19
6105,22
6106,14
6107,21
6108,13
6109,21
6110,21
6111,21
6112,6
6113,18
6114,3
6115,22
6116,11
6117,22
6118,19
6119,18
6120,11
6121,21
6122,21
6123,22
6124,2
6125,11
6126,21
6127,18
6128,18
6129,18
6130,2
6131,18
6132,25
6133,22
6134,1
6135,6
6136,22
6137,20
6138,13
6139,18
6140,11
6141,22
6142,22
6143,20
6144,2
6145,22
6146,12
6147,2
6148,25
6149,22
6150,3
6151,3
6152,20
6153,20
6154,13
6155,21
6156,22
6157,20
6158,22
6159,22
6160,14
6161,11
6162,22
6163,14
6164,11
6165,2
6166,21
6167,6
6168,21
6169,22
6170,14
6171,22
6172,20
6173,13
6174,18
6175,2
6176,14
6177,18
6178,13
6179,3
6180,22
6181,14
6182,21
6183,21
6184,20
6185,21
6186,22
6187,18
6188,20
6189,21
6190,2
6191,21
6192,2
6193,21
6194,20
6195,18
6196,1
6197,11
6198,22
6199,21
6200,23
6201,21
6202,6
6203,14
6204,21
6205,25
6206,21
6207,19
6208,22
6209,18
6210,22
6211,11
6212,22
6213,22
6214,20
6215,22
6216,20
6217,21
6218,20
6219,18
6220,22
6221,19
6222,22
6223,22
6224,22
6225,14
6226,20
6227,21
6228,3
6229,19
6230,21
6231,21
6232,13
6233,18
6234,14
6235,2
6236,14
6237,21
6238,22
6239,22
6240,22
6241,22
6242,3
6243,20
6244,21
6245,20
6246,3
6247,20
6248,18
6249,21
6250,22
6251,21
6252,14
6253,21
6254,22
6255,12
6256,3
6257,21
6258,21
6259,2
6260,21
6261,21
6262,22
6263,22
6264,22
6265,25
6266,22
6267,20
6268,25
6269,11
6270,22
6271,20
6272,20
6273,23
6274,21
6275,18
6276,1
6277,22
6278,18
6279,11
6280,6
6281,18
6282,19
6283,23
6284,25
6285,11
6286,20
6287,21
6288,22
6289,21
6290,19
6291,21
6292,21
6293,1
6294,2
6295,14
6296,19
6297,21
6298,13
6299,20
6300,2
6301,21
6302,6
6303,21
6304,21
6305,18
6306,22
6307,27
6308,21
6309,23
6310,2
6311,12
6312,13
6313,13
6314,21
6315,22
6316,20
6317,6
6318,19
6319,21
6320,20
6321,6
6322,18
6323,2
6324,14
6325,22
6326,20
6327,21
6328,22
6329,21
6330,21
6331,21
6332,21
6333,21
6334,21
6335,3
6336,11
6337,22
6338,11
6339,22
6340,20
6341,22
6342,21
6343,3
6344,14
6345,22
6346,22
6347,14
6348,11
6349,19
6350,18
6351,22
6352,14
6353,19
6354,20
6355,19
6356,21
6357,2
6358,22
6359,22
6360,14
6361,22
6362,14
6363,3
6364,23
6365,22
6366,18
6367,22
6368,18
6369,20
6370,14
6371,11
6372,19
6373,21
6374,21
6375,2
6376,18
6377,21
6378,22
6379,22
6380,14
6381,20
6382,22
6383,20
6384,19
6385,2
6386,22
6387,6
6388,22
6389,12
6390,19
6391,2
6392,12
6393,22
6394,22
6395,21
6396,18
6397,21
6398,21
6399,3
6400,21
6401,20
6402,19
6403,19
6404,27
6405,14
6406,21
6407,22
6408,22
6409,3
6410,21
6411,3
6412,3
6413,18
6414,3
6415,22
6416,20
6417,2
6418,22
6419,11
6420,6
6421,11
6422,21
6423,19
6424,2
6425,22
6426,21
6427,21
6428,18
6429,6
6430,14
6431,11
6432,19
6433,22
6434,20
6435,12
6436,3
6437,19
6438,23
6439,2
6440,20
6441,23
6442,19
6443,11
6444,6
6445,2
6446,11
6447,2
6448,22
6449,18
6450,11
6451,19
6452,22
6453,23
6454,27
6455,13
6456,25
6457,2
6458,18
6459,3
6460,21
6461,20
6462,20
6463,7
6464,14
6465,22
6466,6
6467,22
6468,18
6469,21
6470,18
6471,20
6472,6
6473,19
6474,20
6475,19
6476,22
6477,14
6478,18
6479,3
6480,22
6481,14
6482,20
6483,20
6484,22
6485,22
6486,23
6487,22
6488,11
6489,1
6490,18
6491,18
6492,21
6493,2
6494,21
6495,3
6496,22
6497,22
6498,21
6499,21
6500,21
6501,21
6502,14
6503,19
6504,21
6505,21
6506,21
6507,22
6508,19
6509,22
6510,21
6511,21
6512,22
6513,13
6514,18
6515,21
6516,21
6517,22
6518,21
6519,3
6520,2
6521,22
6522,3
6523,21
6524,19
6525,21
6526,21
6527,22
6528,6
6529,14
6530,19
6531,18
6532,21
6533,21
6534,11
6535,18
6536,14
6537,12
6538,21
6539,21
6540,6
6541,6
6542,3
6543,14
6544,27
6545,21
6546,22
6547,25
6548,21
6549,14
6550,11
6551,21
6552,11
6553,21
6554,22
6555,19
6556,21
6557,1
6558,21
6559,12
6560,19
6561,22
6562,20
6563,19
6564,2
6565,20
6566,22
6567,19
6568,22
6569,1
6570,22
6571,23
6572,21
6573,14
6574,22
6575,14
6576,19
6577,22
6578,22
6579,21
6580,19
6581,22
6582,22
6583,22
6584,7
6585,1
6586,21
6587,21
6588,1
6589,21
6590,21
6591,23
6592,22
6593,13
6594,12
6595,20
6596,21
6597,21
6598,22
6599,2
6600,14
6601,6
6602,2
6603,3
6604,19
6605,21
6606,19
6607,12
6608,18
6609,21
6610,14
6611,3
6612,22
6613,21
6614,11
6615,22
6616,19
6617,2
6618,22
6619,20
6620,11
6621,14
6622,21
6623,19
6624,21
6625,3
6626,2
6627,6
6628,21
6629,12
6630,6
6631,20
6632,18
6633,22
6634,18
6635,2
6636,20
6637,19
6638,21
6639,14
6640,27
6641,21
6642,21
6643,19
6644,11
6645,21
6646,6
6647,11
6648,21
6649,21
6650,20
6651,19
6652,21
6653,3
6654,18
6655,2
6656,14
6657,14
6658,21
6659,18
6660,22
6661,12
6662,23
6663,11
6664,19
6665,23
6666,27
6667,14
6668,18
6669,2
6670,22
6671,20
6672,12
6673,22
6674,22
6675,21
6676,22
6677,22
6678,2
6679,19
6680,21
6681,18
6682,21
6683,14
6684,3
6685,3
6686,12
6687,21
6688,21
6689,21
6690,21
6691,21
6692,19
6693,7
6694,19
6695,27
6696,18
6697,2
6698,22
6699,20
6700,19
6701,14
6702,18
6703,14
6704,21
6705,2
6706,14
6707,21
6708,22
6709,20
6710,21
6711,22
6712,12
6713,18
6714,21
6715,25
6716,2
6717,19
6718,22
6719,23
6720,14
6721,12
6722,22
6723,20
6724,14
6725,22
6726,18
6727,14
6728,21
6729,20
6730,21
6731,14
6732,22
6733,21
6734,22
6735,2
6736,21
6737,20
6738,19
6739,27
6740,18
6741,21
6742,2
6743,19
6744,3
6745,22
6746,21
6747,19
6748,14
6749,18
6750,2
6751,21
6752,21
6753,27
6754,22
6755,12
6756,18
6757,2
6758,22
6759,18
6760,3
6761,11
6762,20
6763,14
6764,19
6765,11
6766,22
6767,13
6768,21
6769,20
6770,20
6771,19
6772,21
6773,2
6774,22
6775,22
6776,21
6777,19
6778,18
6779,25
6780,11
6781,21
6782,2
6783,22
6784,22
6785,2
6786,22
6787,14
6788,22
6789,22
6790,18
6791,19
6792,18
6793,2
6794,23
6795,21
6796,22
6797,20
6798,21
6799,20
6800,18
6801,3
6802,20
6803,14
6804,21
6805,19
6806,19
6807,3
6808,2
6809,23
6810,14
6811,21
6812,20
6813,22
6814,21
6815,21
6816,20
6817,22
6818,22
6819,11
6820,14
6821,22
6822,19
6823,2
6824,21
6825,21
6826,2
6827,21
6828,21
6829,22
6830,23
6831,22
6832,3
6833,2
6834,21
6835,2
6836,19
6837,19
6838,18
6839,11
6840,21
6841,22
6842,22
6843,25
6844,22
6845,21
6846,22
6847,20
6848,19
6849,21
6850,14
6851,2
6852,19
6853,22
6854,19
6855,2
6856,14
6857,19
6858,2
6859,22
6860,14
6861,20
6862,2
6863,18
6864,11
6865,21
6866,22
6867,22
6868,21
6869,22
6870,22
6871,18
6872,20
6873,22
6874,18
6875,18
6876,21
6877,19
6878,2
6879,19
6880,14
6881,22
6882,21
6883,13
6884,21
6885,22
6886,2
6887,19
6888,23
6889,21
6890,22
6891,3
6892,19
6893,21
6894,22
6895,18
6896,22
6897,3
6898,6
6899,22
6900,2
6901,22
6902,22
6903,6
6904,22
6905,18
6906,2
6907,19
6908,14
6909,22
6910,7
6911,18
6912,22
6913,21
6914,14
6915,21
6916,22
6917,21
6918,22
6919,21
6920,22
6921,3
6922,22
6923,22
6924,22
6925,19
6926,22
6927,20
6928,21
6929,6
6930,22
6931,3
6932,21
6933,12
6934,22
6935,11
6936,22
6937,22
6938,18
6939,20
6940,21
6941,3
6942,6
6943,23
6944,1
6945,19
6946,21
6947,27
6948,23
6949,19
6950,14
6951,21
6952,3
6953,11
6954,22
6955,2
6956,18
6957,21
6958,22
6959,20
6960,22
6961,6
6962,18
6963,27
6964,22
6965,14
6966,12
6967,18
6968,7
6969,22
6970,2
6971,22
6972,22
6973,6
6974,22
6975,22
6976,21
6977,22
6978,2
6979,21
6980,3
6981,6
6982,2
6983,6
6984,27
6985,2
6986,3
6987,11
6988,20
6989,22
6990,12
6991,21
6992,14
6993,20
6994,21
6995,21
6996,23
6997,14
6998,6
6999,22
7000,12
7001,19
7002,27
7003,20
7004,21
7005,19
7006,6
7007,2
7008,12
7009,21
7010,2
7011,21
7012,22
7013,6
7014,22
7015,22
7016,22
7017,22
7018,27
7019,2
7020,19
7021,25
7022,21
7023,19
7024,14
7025,19
7026,22
7027,22
7028,20
7029,23
7030,21
7031,2
7032,27
7033,21
7034,21
7035,22
7036,19
7037,21
7038,19
7039,22
7040,11
7041,3
7042,21
7043,6
7044,21
7045,14
7046,22
7047,27
7048,18
7049,14
7050,11
7051,18
7052,22
7053,1
7054,14
7055,21
7056,21
7057,18
7058,2
7059,19
7060,6
7061,22
7062,3
7063,25
7064,22
7065,25
7066,22
7067,6
7068,14
7069,3
7070,2
7071,19
7072,18
7073,21
7074,14
7075,3
7076,21
7077,21
7078,19
7079,18
7080,22
7081,22
7082,21
7083,12
7084,3
7085,18
7086,21
7087,12
7088,22
7089,22
7090,21
7091,21
7092,12
7093,14
7094,21
7095,11
7096,6
7097,6
7098,11
7099,21
7100,14
7101,11
7102,18
7103,12
7104,22
7105,2
7106,22
7107,12
7108,27
7109,20
7110,21
7111,25
7112,22
7113,20
7114,2
7115,20
7116,21
7117,21
7118,6
7119,19
7120,12
7121,21
7122,21
7123,21
7124,2
7125,19
7126,21
7127,22
7128,22
7129,14
7130,21
7131,20
7132,12
7133,20
7134,14
7135,18
7136,6
7137,18
7138,19
7139,20
7140,22
7141,27
7142,21
7143,22
7144,3
7145,21
7146,22
7147,21
7148,22
7149,27
7150,7
7151,12
7152,21
7153,21
7154,11
7155,21
7156,14
7157,14
7158,14
7159,22
7160,23
7161,21
7162,25
7163,21
7164,23
7165,18
7166,14
7167,2
7168,21
7169,11
7170,2
7171,20
7172,18
7173,22
7174,14
7175,3
7176,21
7177,18
7178,21
7179,22
7180,14
7181,2
7182,2
7183,18
7184,21
7185,14
7186,21
7187,21
7188,3
7189,11
7190,22
7191,21
7192,2
7193,21
7194,12
7195,14
7196,2
7197,19
7198,18
7199,22
7200,21
7201,6
7202,21
7203,11
7204,14
7205,2
7206,3
7207,21
7208,19
7209,20
7210,27
7211,21
7212,14
7213,22
7214,3
7215,25
7216,13
7217,6
7218,2
7219,22
7220,2
7221,22
7222,18
7223,18
7224,14
7225,21
7226,14
7227,22
7228,2
7229,21
7230,20
7231,20
7232,22
7233,11
7234,21
7235,3
7236,11
7237,2
7238,18
7239,27
7240,18
7241,22
7242,21
7243,22
7244,20
7245,18
7246,22
7247,2
7248,14
7249,20
7250,2
7251,2
7252,11
7253,19
7254,19
7255,22
7256,22
7257,21
7258,20
7259,19
7260,22
7261,3
7262,22
7263,22
7264,19
7265,21
7266,22
7267,25
7268,3
7269,19
7270,11
7271,22
7272,22
7273,18
7274,18
7275,21
7276,27
7277,22
7278,21
7279,22
7280,12
7281,21
7282,2
7283,14
7284,19
7285,13
7286,12
7287,2
7288,18
7289,27
7290,22
7291,14
7292,21
7293,21
7294,21
7295,22
7296,2
7297,20
7298,27
7299,3
7300,1
7301,11
7302,22
7303,19
7304,23
7305,14
7306,2
7307,27
7308,3
7309,18
7310,14
7311,22
7312,18
7313,18
7314,22
7315,2
7316,19
7317,19
7318,19
7319,18
7320,11
7321,21
7322,2
7323,22
7324,21
7325,22
7326,22
7327,20
7328,22
7329,22
7330,12
7331,13
7332,21
7333,1
7334,20
7335,22
7336,2
7337,22
7338,21
7339,19
7340,19
7341,19
7342,19
7343,14
7344,6
7345,19
7346,18
7347,21
7348,20
7349,12
7350,11
7351,2
7352,14
7353,22
7354,3
7355,12
7356,20
7357,19
7358,22
7359,19
7360,14
7361,21
7362,6
7363,21
7364,21
7365,18
7366,21
7367,19
7368,22
7369,20
7370,2
7371,19
7372,23
7373,22
7374,14
7375,11
7376,2
7377,22
7378,19
7379,21
7380,21
7381,21
7382,21
7383,23
7384,18
7385,3
7386,20
7387,21
7388,20
7389,3
7390,18
7391,14
7392,21
7393,21
7394,22
7395,21
7396,11
7397,6
7398,23
7399,23
7400,18
7401,21
7402,20
7403,6
7404,22
7405,27
7406,14
7407,13
7408,21
7409,12
7410,21
7411,11
7412,18
7413,11
7414,22
7415,11
7416,13
7417,27
7418,12
7419,13
7420,19
7421,19
7422,2
7423,19
7424,19
7425,11
7426,21
7427,19
7428,20
7429,19
7430,27
7431,12
7432,22
7433,14
7434,21
7435,11
7436,12
7437,23
7438,22
7439,23
7440,14
7441,19
7442,21
7443,14
7444,22
7445,18
7446,21
7447,27
7448,21
7449,3
7450,19
7451,14
7452,22
7453,22
7454,6
7455,18
7456,21
7457,2
7458,18
7459,19
7460,11
7461,3
7462,19
7463,21
7464,22
7465,14
7466,18
7467,20
7468,13
7469,1
7470,18
7471,20
7472,19
7473,21
7474,22
7475,3
7476,18
7477,13
7478,1
7479,13
7480,18
7481,19
7482,19
7483,12
7484,2
7485,20
7486,21
7487,12
7488,21
7489,19
7490,22
7491,20
7492,19
7493,21
7494,14
7495,21
7496,13
7497,22
7498,19
7499,3
7500,21
7501,22
7502,22
7503,21
7504,20
7505,20
7506,21
7507,3
7508,12
7509,22
7510,25
7511,14
7512,11
7513,22
7514,21
7515,1
7516,2
7517,3
7518,18
7519,12
7520,3
7521,19
7522,20
7523,2
7524,18
7525,18
7526,21
7527,21
7528,19
7529,20
7530,18
7531,14
7532,21
7533,21
7534,19
7535,14
7536,21
7537,22
7538,18
7539,22
7540,2
7541,21
7542,19
7543,18
7544,21
7545,21
7546,19
7547,22
7548,21
7549,22
7550,11
7551,21
7552,21
7553,13
7554,14
7555,2
7556,22
7557,12
7558,20
7559,18
7560,6
7561,19
7562,27
7563,21
7564,22
7565,14
7566,14
7567,22
7568,3
7569,3
7570,19
7571,22
7572,19
7573,6
7574,20
7575,11
7576,20
7577,21
7578,19
7579,21
7580,21
7581,21
7582,21
7583,22
7584,20
7585,22
7586,23
7587,14
7588,19
7589,6
7590,22
7591,18
7592,22
7593,19
7594,22
7595,14
7596,21
7597,2
7598,6
7599,21
7600,18
7601,11
7602,11
7603,21
7604,22
7605,2
7606,2
7607,18
7608,2
7609,19
7610,19
7611,20
7612,21
7613,21
7614,14
7615,22
7616,3
7617,21
7618,21
7619,27
7620,6
7621,1
7622,21
7623,21
7624,27
7625,21
7626,22
7627,22
7628,23
7629,27
7630,6
7631,22
7632,18
7633,22
7634,22
7635,21
7636,18
7637,2
7638,14
7639,2
7640,19
7641,11
7642,20
7643,6
7644,22
7645,21
7646,2
7647,21
7648,21
7649,22
7650,23
7651,1
7652,21
7653,2
7654,11
7655,22
7656,19
7657,22
7658,22
7659,21
7660,21
7661,18
7662,20
7663,22
7664,12
7665,22
7666,27
7667,27
7668,19
7669,22
7670,21
7671,22
7672,21
7673,18
7674,22
7675,21
7676,6
7677,19
7678,21
7679,14
7680,21
7681,19
7682,22
7683,2
7684,20
7685,2
7686,19
7687,21
7688,19
7689,20
7690,22
7691,21
7692,19
7693,21
7694,21
7695,2
7696,21
7697,20
7698,2
7699,3
7700,19
7701,18
7702,12
7703,27
7704,18
7705,3
7706,22
7707,18
7708,21
7709,12
7710,2
7711,21
7712,14
7713,21
7714,21
7715,22
7716,14
7717,21
7718,20
7719,18
7720,2
7721,22
7722,22
7723,21
7724,12
7725,20
7726,18
7727,22
7728,22
7729,21
7730,13
7731,18
7732,13
7733,19
7734,27
7735,12
7736,22
7737,14
7738,22
7739,3
7740,1
7741,18
7742,2
7743,21
7744,27
7745,18
7746,22
7747,6
7748,22
7749,21
7750,19
7751,2
7752,11
7753,3
7754,3
7755,19
7756,22
7757,22
7758,22
7759,6
7760,22
7761,13
7762,22
7763,14
7764,22
7765,21
7766,6
7767,20
7768,21
7769,22
7770,2
7771,19
7772,18
7773,23
7774,13
7775,21
7776,11
7777,22
7778,19
7779,18
7780,22
7781,19
7782,13
7783,21
7784,21
7785,13
7786,21
7787,20
7788,11
7789,21
7790,3
7791,2
7792,19
7793,21
7794,21
7795,21
7796,11
7797,2
7798,22
7799,19
7800,11
7801,18
7802,22
7803,22
7804,22
7805,23
7806,18
7807,27
7808,22
7809,18
7810,21
7811,21
7812,14
7813,20
7814,20
7815,21
7816,22
7817,27
7818,20
7819,19
7820,19
7821,18
7822,11
7823,22
7824,14
7825,19
7826,21
7827,12
7828,2
7829,3
7830,13
7831,20
7832,21
7833,12
7834,22
7835,21
7836,20
7837,19
7838,20
7839,22
7840,3
7841,21
7842,14
7843,19
7844,21
7845,22
7846,18
7847,19
7848,23
7849,18
7850,19
7851,21
7852,14
7853,11
7854,22
7855,21
7856,19
7857,13
7858,14
7859,21
7860,2
7861,21
7862,21
7863,20
7864,22
7865,18
7866,22
7867,18
7868,12
7869,19
7870,21
7871,22
7872,19
7873,21
7874,22
7875,13
7876,13
7877,18
7878,11
7879,21
7880,19
7881,14
7882,11
7883,21
7884,6
7885,14
7886,21
7887,11
7888,20
7889,18
7890,2
7891,14
7892,21
7893,20
7894,22
7895,27
7896,14
7897,22
7898,18
7899,22
7900,2
7901,2
7902,22
7903,22
7904,22
7905,18
7906,19
7907,22
7908,27
7909,21
7910,19
7911,20
7912,13
7913,21
7914,14
7915,18
7916,2
7917,2
7918,2
7919,2
7920,22
7921,19
7922,6
7923,18
7924,21
7925,22
7926,2
7927,6
7928,21
7929,13
7930,18
7931,3
7932,18
7933,21
7934,22
7935,19
7936,20
7937,18
7938,23
7939,12
7940,19
7941,14
7942,19
7943,11
7944,22
7945,21
7946,2
7947,22
7948,11
7949,22
7950,18
7951,27
7952,19
7953,25
7954,14
7955,21
7956,21
7957,22
7958,25
7959,22
7960,21
7961,2
7962,21
7963,23
7964,3
7965,22
7966,18
7967,19
7968,18
7969,22
7970,22
7971,21
7972,2
7973,22
7974,3
7975,22
7976,22
7977,14
7978,21
7979,22
7980,21
7981,14
7982,22
7983,19
7984,18
7985,27
7986,19
7987,20
7988,14
7989,21
7990,3
7991,2
7992,2
7993,22
7994,27
7995,18
7996,19
7997,27
7998,21
7999,21
8000,14
8001,22
8002,18
8003,23
8004,22
8005,19
8006,20
8007,11
8008,12
8009,21
8010,14
8011,22
8012,14
8013,22
8014,19
8015,19
8016,14
8017,20
8018,14
8019,22
8020,14
8021,21
8022,22
8023,21
8024,21
8025,13
8026,14
8027,21
8028,18
8029,19
8030,12
8031,19
8032,21
8033,12
8034,22
8035,21
8036,2
8037,22
8038,2
8039,14
8040,21
8041,22
8042,14
8043,22
8044,18
8045,19
8046,21
8047,2
8048,22
8049,3
8050,21
8051,21
8052,27
8053,12
8054,2
8055,23
8056,18
8057,11
8058,2
8059,14
8060,11
8061,22
8062,23
8063,21
8064,14
8065,21
8066,20
8067,6
8068,19
8069,2
8070,19
8071,19
8072,20
8073,21
8074,19
8075,3
8076,2
8077,19
8078,22
8079,22
8080,2
8081,12
8082,22
8083,22
8084,22
8085,25
8086,22
8087,18
8088,21
8089,20
8090,22
8091,21
8092,18
8093,21
8094,25
8095,2
8096,20
8097,18
8098,21
8099,3
8100,2
8101,22
8102,22
8103,14
8104,18
8105,21
8106,11
8107,12
8108,14
8109,18
8110,21
8111,11
8112,19
8113,22
8114,19
8115,18
8116,19
8117,18
8118,21
8119,21
8120,21
8121,11
8122,14
8123,18
8124,22
8125,19
8126,22
8127,21
8128,22
8129,25
8130,20
8131,2
8132,20
8133,21
8134,14
8135,20
8136,19
8137,22
8138,22
8139,21
8140,12
8141,22
8142,22
8143,21
8144,21
8145,19
8146,21
8147,20
8148,2
8149,21
8150,19
8151,22
8152,19
8153,22
8154,21
8155,22
8156,22
8157,18
8158,21
8159,22
8160,20
8161,21
8162,15
8163,22
8164,22
8165,21
8166,2
8167,20
8168,18
8169,22
8170,21
8171,21
8172,21
8173,18
8174,23
8175,14
8176,19
8177,11
8178,20
8179,22
8180,2
8181,19
8182,22
8183,19
8184,3
8185,18
8186,27
8187,18
8188,21
8189,20
8190,22
8191,22
8192,11
8193,22
8194,18
8195,11
8196,21
8197,21
8198,6
8199,14
8200,22
8201,25
8202,21
8203,21
8204,19
8205,3
8206,2
8207,14
8208,20
8209,27
8210,22
8211,2
8212,21
8213,19
8214,21
8215,3
8216,21
8217,23
8218,12
8219,14
8220,22
8221,2
8222,21
8223,2
8224,14
8225,2
8226,6
8227,18
8228,22
8229,25
8230,2
8231,21
8232,22
8233,21
8234,12
8235,14
8236,20
8237,21
8238,18
8239,22
8240,19
8241,22
8242,2
8243,19
8244,22
8245,22
8246,21
8247,2
8248,19
8249,21
8250,21
8251,19
8252,22
8253,27
8254,3
8255,21
8256,14
8257,21
8258,21
8259,12
8260,22
8261,18
8262,21
8263,18
8264,14
8265,21
8266,27
8267,22
8268,23
8269,19
8270,18
8271,21
8272,19
8273,22
8274,2
8275,11
8276,21
8277,19
8278,20
8279,21
8280,11
8281,19
8282,2
8283,27
8284,13
8285,11
8286,19
8287,23
8288,21
8289,21
8290,22
8291,2
8292,21
8293,22
8294,21
8295,6
8296,20
8297,13
8298,2
8299,21
8300,21
8301,14
8302,21
8303,14
8304,3
8305,22
8306,14
8307,23
8308,21
8309,23
8310,23
8311,12
8312,18
8313,14
8314,22
8315,21
8316,21
8317,22
8318,12
8319,20
8320,22
8321,21
8322,18
8323,23
8324,21
8325,19
8326,22
8327,21
8328,21
8329,20
8330,22
8331,21
8332,2
8333,19
8334,22
8335,21
8336,21
8337,14
8338,22
8339,14
8340,22
8341,12
8342,22
8343,14
8344,19
8345,21
8346,22
8347,19
8348,22
8349,20
8350,11
8351,19
8352,11
8353,19
8354,6
8355,2
8356,22
8357,14
8358,21
8359,18
8360,21
8361,21
8362,3
8363,19
8364,21
8365,21
8366,19
8367,22
8368,18
8369,23
8370,19
8371,22
8372,11
8373,20
8374,22
8375,3
8376,21
8377,2
8378,22
8379,14
8380,21
8381,21
8382,20
8383,2
8384,21
8385,21
8386,21
8387,2
8388,21
8389,21
8390,14
8391,20
8392,21
8393,21
8394,14
8395,22
8396,13
8397,18
8398,19
8399,3
8400,21
8401,19
8402,18
8403,14
8404,23
8405,22
8406,13
8407,22
8408,21
8409,19
8410,21
8411,2
8412,13
8413,21
8414,21
8415,18
8416,3
8417,21
8418,20
8419,12
8420,19
8421,21
8422,2
8423,21
8424,18
8425,19
8426,23
8427,21
8428,14
8429,20
8430,14
8431,21
8432,22
8433,22
8434,21
8435,21
8436,22
8437,22
8438,11
8439,19
8440,22
8441,21
8442,18
8443,13
8444,20
8445,14
8446,22
8447,6
8448,22
8449,21
8450,20
8451,20
8452,22
8453,19
8454,2
8455,14
8456,12
8457,2
8458,21
8459,20
8460,19
8461,22
8462,22
8463,21
8464,22
8465,3
8466,19
8467,2
8468,19
8469,22
8470,18
8471,2
8472,22
8473,25
8474,27
8475,21
8476,14
8477,23
8478,21
8479,21
8480,22
8481,18
8482,25
8483,21
8484,27
8485,21
8486,14
8487,21
8488,2
8489,18
8490,11
8491,21
8492,22
8493,18
8494,14
8495,2
8496,22
8497,18
8498,12
8499,14
8500,13
8501,22
8502,13
8503,3
8504,21
8505,22
8506,23
8507,21
8508,21
8509,2
8510,22
8511,19
8512,22
8513,11
8514,27
8515,6
8516,21
8517,18
8518,22
8519,12
8520,21
8521,2
8522,13
8523,22
8524,2
8525,18
8526,19
8527,22
8528,22
8529,21
8530,19
8531,18
8532,14
8533,21
8534,22
8535,21
8536,11
8537,3
8538,22
8539,20
8540,13
8541,22
8542,19
8543,3
8544,14
8545,18
8546,22
8547,21
8548,22
8549,2
8550,21
8551,3
8552,2
8553,18
8554,21
8555,22
8556,23
8557,20
8558,20
8559,12
8560,13
8561,21
8562,21
8563,21
8564,22
8565,22
8566,21
8567,22
8568,21
8569,21
8570,1
8571,19
8572,25
8573,12
8574,19
8575,6
8576,18
8577,20
8578,19
8579,21
8580,21
8581,3
8582,21
8583,2
8584,3
8585,22
8586,18
8587,19
8588,22
8589,3
8590,21
8591,14
8592,1
8593,22
8594,2
8595,18
8596,3
8597,22
8598,2
8599,22
8600,21
8601,11
8602,19
8603,14
8604,19
8605,21
8606,11
8607,22
8608,23
8609,21
8610,11
8611,20
8612,6
8613,21
8614,2
8615,21
8616,22
8617,11
8618,22
8619,20
8620,21
8621,2
8622,14
8623,22
8624,21
8625,6
8626,19
8627,22
8628,12
8629,21
8630,21
8631,14
8632,3
8633,21
8634,20
8635,11
8636,22
8637,19
8638,21
8639,21
8640,18
8641,21
8642,22
8643,23
8644,12
8645,11
8646,20
8647,22
8648,19
8649,14
8650,18
8651,19
8652,22
8653,11
8654,14
8655,3
8656,11
8657,18
8658,6
8659,3
8660,22
8661,2
8662,22
8663,20
8664,19
8665,22
8666,22
8667,2
8668,11
8669,20
8670,22
8671,22
8672,14
8673,21
8674,22
8675,22
8676,14
8677,19
8678,20
8679,22
8680,21
8681,22
8682,6
8683,14
8684,3
8685,11
8686,22
8687,22
8688,14
8689,22
8690,2
8691,22
8692,22
8693,22
8694,22
8695,2
8696,22
8697,21
8698,21
8699,21
8700,21
8701,22
8702,21
8703,22
8704,19
8705,21
8706,14
8707,11
8708,21
8709,19
8710,11
8711,22
8712,13
8713,21
8714,22
8715,13
8716,11
8717,19
8718,6
8719,2
8720,27
8721,2
8722,12
8723,21
8724,1
8725,21
8726,11
8727,22
8728,21
8729,23
8730,27
8731,21
8732,21
8733,22
8734,3
8735,6
8736,22
8737,2
8738,21
8739,18
8740,12
8741,19
8742,2
8743,23
8744,23
8745,18
8746,20
8747,2
8748,18
8749,22
8750,18
8751,19
8752,11
8753,22
8754,21
8755,2
8756,18
8757,12
8758,6
8759,19
8760,21
8761,22
8762,12
8763,22
8764,11
8765,22
8766,18
8767,25
8768,21
8769,3
8770,22
8771,21
8772,14
8773,2
8774,12
8775,22
8776,21
8777,14
8778,2
8779,11
8780,22
8781,19
8782,21
8783,22
8784,14
8785,21
8786,3
8787,18
8788,2
8789,2
8790,18
8791,22
8792,22
8793,14
8794,6
8795,27
8796,11
8797,22
8798,20
8799,21
8800,14
8801,25
8802,20
8803,21
8804,2
8805,19
8806,18
8807,27
8808,18
8809,22
8810,2
8811,3
8812,14
8813,22
8814,21
8815,18
8816,21
8817,2
8818,22
8819,6
8820,2
8821,22
8822,20
8823,2
8824,22
8825,22
8826,14
8827,12
8828,21
8829,21
8830,22
8831,21
8832,18
8833,18
8834,21
8835,21
8836,22
8837,22
8838,19
8839,12
8840,18
8841,21
8842,22
8843,2
8844,20
8845,22
8846,21
8847,22
8848,20
8849,19
8850,21
8851,27
8852,19
8853,20
8854,23
8855,11
8856,14
8857,25
8858,19
8859,21
8860,2
8861,2
8862,19
8863,12
8864,21
8865,14
8866,20
8867,21
8868,21
8869,19
8870,22
8871,21
8872,22
8873,20
8874,2
8875,20
8876,12
8877,22
8878,2
8879,2
8880,21
8881,22
8882,19
8883,25
8884,18
8885,21
8886,27
8887,22
8888,21
8889,14
8890,14
8891,12
8892,20
8893,21
8894,19
8895,3
8896,22
8897,6
8898,2
8899,21
8900,19
8901,3
8902,11
8903,22
8904,21
8905,19
8906,18
8907,14
8908,2
8909,12
8910,21
8911,14
8912,21
8913,22
8914,22
8915,23
8916,22
8917,21
8918,2
8919,20
8920,21
8921,25
8922,21
8923,21
8924,14
8925,6
8926,21
8927,22
8928,18
8929,18
8930,21
8931,20
8932,13
8933,21
8934,1
8935,14
8936,11
8937,21
8938,21
8939,20
8940,21
8941,2
8942,1
8943,19
8944,3
8945,22
8946,21
8947,14
8948,22
8949,11
8950,22
8951,14
8952,12
8953,21
8954,21
8955,3
8956,2
8957,2
8958,22
8959,22
8960,21
8961,21
8962,21
8963,20
8964,19
8965,22
8966,18
8967,21
8968,2
8969,19
8970,11
8971,23
8972,21
8973,14
8974,22
8975,20
8976,18
8977,22
8978,2
8979,22
8980,14
8981,18
8982,22
8983,21
8984,13
8985,19
8986,21
8987,3
8988,19
8989,2
8990,22
8991,19
8992,19
8993,21
8994,14
8995,19
8996,20
8997,22
8998,21
8999,12
9000,23
9001,21
9002,22
9003,21
9004,12
9005,22
9006,2
9007,22
9008,21
9009,2
9010,22
9011,21
9012,22
9013,2
9014,22
9015,19
9016,21
9017,19
9018,21
9019,22
9020,12
9021,21
9022,12
9023,25
9024,21
9025,14
9026,27
9027,18
9028,21
9029,13
9030,21
9031,14
9032,21
9033,19
9034,20
9035,20
9036,12
9037,14
9038,14
9039,21
9040,12
9041,19
9042,18
9043,21
9044,3
9045,19
9046,12
9047,13
9048,13
9049,11
9050,22
9051,22
9052,19
9053,14
9054,23
9055,21
9056,2
9057,21
9058,21
9059,21
9060,21
9061,22
9062,21
9063,18
9064,19
9065,3
9066,21
9067,14
9068,18
9069,14
9070,21
9071,27
9072,19
9073,22
9074,18
9075,21
9076,11
9077,2
9078,11
9079,21
9080,21
9081,22
9082,22
9083,22
9084,12
9085,21
9086,21
9087,21
9088,3
9089,14
9090,21
9091,11
9092,18
9093,12
9094,22
9095,18
9096,18
9097,20
9098,21
9099,19
9100,13
9101,2
9102,20
9103,22
9104,21
9105,22
9106,22
9107,14
9108,11
9109,19
9110,19
9111,21
9112,19
9113,18
9114,21
9115,14
9116,14
9117,22
9118,19
9119,21
9120,20
9121,18
9122,22
9123,22
9124,22
9125,21
9126,22
9127,19
9128,22
9129,6
9130,19
9131,18
9132,19
9133,20
9134,22
9135,18
9136,14
9137,21
9138,22
9139,3
9140,19
9141,21
9142,18
9143,23
9144,22
9145,6
9146,2
9147,20
9148,21
9149,21
9150,22
9151,2
9152,14
9153,21
9154,21
9155,13
9156,21
9157,14
9158,22
9159,22
9160,21
9161,11
9162,12
9163,19
9164,21
9165,18
9166,19
9167,21
9168,14
9169,22
9170,21
9171,22
9172,11
9173,22
9174,3
9175,12
9176,22
9177,18
9178,21
9179,21
9180,21
9181,22
9182,13
9183,22
9184,22
9185,13
9186,21
9187,6
9188,13
9189,14
9190,6
9191,21
9192,21
9193,6
9194,21
9195,22
9196,19
9197,22
9198,14
9199,6
9200,18
9201,2
9202,6
9203,11
9204,14
9205,1
9206,22
9207,21
9208,19
9209,18
9210,25
9211,12
9212,22
9213,19
9214,2
9215,22
9216,18
9217,14
9218,3
9219,18
9220,22
9221,12
9222,11
9223,21
9224,20
9225,21
9226,21
9227,14
9228,20
9229,19
9230,21
9231,2
9232,21
9233,2
9234,11
9235,21
9236,21
9237,22
9238,25
9239,21
9240,21
9241,21
9242,22
9243,22
9244,21
9245,22
9246,12
9247,14
9248,22
9249,2
9250,25
9251,18
9252,21
9253,19
9254,6
9255,3
9256,12
9257,22
9258,14
9259,14
9260,22
9261,19
9262,18
9263,20
9264,19
9265,21
9266,14
9267,12
9268,22
9269,2
9270,19
9271,25
9272,18
9273,22
9274,6
9275,19
9276,19
9277,21
9278,22
9279,14
9280,14
9281,22
9282,22
9283,21
9284,18
9285,22
9286,18
9287,13
9288,2
9289,22
9290,3
9291,21
9292,25
9293,18
9294,21
9295,19
9296,22
9297,23
9298,21
9299,21
9300,22
9301,3
9302,21
9303,22
9304,25
9305,2
9306,21
9307,21
9308,21
9309,22
9310,1
9311,1
9312,18
9313,19
9314,21
9315,19
9316,21
9317,20
9318,20
9319,22
9320,19
9321,21
9322,21
9323,18
9324,21
9325,22
9326,18
9327,20
9328,22
9329,12
9330,12
9331,2
9332,21
9333,21
9334,20
9335,21
9336,21
9337,22
9338,19
9339,1
9340,21
9341,22
9342,2
9343,22
9344,22
9345,14
9346,21
9347,22
9348,3
9349,3
9350,25
9351,21
9352,22
9353,11
9354,22
9355,18
9356,19
9357,22
9358,18
9359,20
9360,27
9361,25
9362,21
9363,21
9364,21
9365,19
9366,13
9367,21
9368,22
9369,11
9370,2
9371,27
9372,21
9373,11
9374,20
9375,20
9376,18
9377,25
9378,19
9379,2
9380,21
9381,22
9382,20
9383,2
9384,18
9385,22
9386,18
9387,18
9388,22
9389,19
9390,11
9391,19
9392,19
9393,21
9394,2
9395,20
9396,2
9397,22
9398,21
9399,18
9400,22
9401,11
9402,14
9403,22
9404,19
9405,18
9406,14
9407,22
9408,22
9409,19
9410,6
9411,25
9412,21
9413,18
9414,2
9415,25
9416,21
9417,22
9418,3
9419,20
9420,21
9421,18
9422,18
9423,18
9424,13
9425,13
9426,27
9427,21
9428,2
9429,2
9430,18
9431,22
9432,20
9433,6
9434,23
9435,19
9436,20
9437,22
9438,22
9439,20
9440,12
9441,20
9442,25
9443,14
9444,13
9445,12
9446,21
9447,22
9448,21
9449,12
9450,23
9451,20
9452,22
9453,3
9454,21
9455,18
9456,21
9457,22
9458,12
9459,21
9460,22
9461,6
9462,21
9463,19
9464,2
9465,2
9466,19
9467,3
9468,23
9469,22
9470,21
9471,19
9472,22
9473,21
9474,12
9475,11
9476,13
9477,19
9478,14
9479,1
9480,20
9481,14
9482,20
9483,3
9484,19
9485,21
9486,22
9487,21
9488,2
9489,25
9490,14
9491,25
9492,2
9493,22
9494,22
9495,11
9496,19
9497,21
9498,21
9499,2
9500,21
9501,18
9502,21
9503,12
9504,22
9505,27
9506,21
9507,18
9508,21
9509,12
9510,22
9511,22
9512,14
9513,21
9514,2
9515,22
9516,2
9517,23
9518,22
9519,3
9520,21
9521,21
9522,22
9523,18
9524,6
9525,22
9526,22
9527,2
9528,22
9529,20
9530,22
9531,14
9532,14
9533,19
9534,6
9535,18
9536,22
9537,21
9538,22
9539,11
9540,19
9541,12
9542,18
9543,21
9544,20
9545,23
9546,21
9547,13
9548,19
9549,7
9550,18
9551,21
9552,20
9553,18
9554,2
9555,22
9556,3
9557,27
9558,19
9559,22
9560,6
9561,22
9562,11
9563,22
9564,11
9565,18
9566,25
9567,21
9568,22
9569,20
9570,21
9571,11
9572,12
9573,22
9574,22
9575,14
9576,20
9577,21
9578,18
9579,2
9580,22
9581,2
9582,13
9583,3
9584,21
9585,21
9586,25
9587,22
9588,22
9589,11
9590,19
9591,22
9592,1
9593,3
9594,14
9595,3
9596,22
9597,20
9598,25
9599,21
9600,11
9601,18
9602,21
9603,18
9604,27
9605,20
9606,18
9607,19
9608,22
9609,19
9610,6
9611,22
9612,20
9613,22
9614,22
9615,22
9616,22
9617,2
9618,19
9619,21
9620,22
9621,20
9622,20
9623,21
9624,11
9625,20
9626,2
9627,2
9628,27
9629,22
9630,19
9631,6
9632,22
9633,12
9634,22
9635,6
9636,22
9637,21
9638,3
9639,21
9640,18
9641,14
9642,21
9643,18
9644,3
9645,18
9646,19
9647,21
9648,18
9649,18
9650,22
9651,18
9652,25
9653,22
9654,23
9655,14
9656,3
9657,11
9658,21
9659,21
9660,14
9661,12
9662,22
9663,22
9664,21
9665,22
9666,13
9667,14
9668,14
9669,18
9670,22
9671,2
9672,21
9673,27
9674,3
9675,20
9676,2
9677,13
9678,22
9679,21
9680,20
9681,2
9682,22
9683,6
9684,18
9685,18
9686,20
9687,21
9688,19
9689,21
9690,22
9691,2
9692,22
9693,11
9694,2
9695,14
9696,1
9697,21
9698,2
9699,14
9700,22
9701,21
9702,20
9703,21
9704,14
9705,14
9706,21
9707,21
9708,3
9709,2
9710,2
9711,21
9712,18
9713,25
9714,22
9715,18
9716,22
9717,20
9718,25
9719,2
9720,22
9721,21
9722,19
9723,14
9724,19
9725,21
9726,21
9727,22
9728,3
9729,22
9730,21
9731,14
9732,21
9733,13
9734,19
9735,18
9736,18
9737,20
9738,21
9739,18
9740,2
9741,19
9742,18
9743,21
9744,22
9745,2
9746,21
9747,21
9748,2
9749,19
9750,21
9751,2
9752,2
9753,21
9754,12
9755,21
9756,22
9757,12
9758,21
9759,1
9760,25
9761,14
9762,20
9763,2
9764,20
9765,18
9766,19
9767,20
9768,21
9769,12
9770,21
9771,6
9772,6
9773,14
9774,19
9775,21
9776,6
9777,19
9778,22
9779,18
9780,21
9781,22
9782,21
9783,18
9784,21
9785,19
9786,21
9787,14
9788,20
9789,18
9790,18
9791,19
9792,21
9793,19
9794,13
9795,18
9796,18
9797,13
9798,21
9799,21
9800,22
9801,21
9802,21
9803,14
9804,18
9805,3
9806,22
9807,3
9808,18
9809,27
9810,22
9811,22
9812,21
9813,22
9814,21
9815,3
9816,21
9817,22
9818,18
9819,6
9820,18
9821,22
9822,20
9823,21
9824,21
9825,22
9826,2
9827,20
9828,2
9829,20
9830,11
9831,13
9832,19
9833,12
9834,27
9835,21
9836,21
9837,22
9838,21
9839,21
9840,14
9841,21
9842,22
9843,22
9844,23
9845,21
9846,2
9847,6
9848,20
9849,2
9850,3
9851,12
9852,6
9853,19
9854,20
9855,12
9856,22
9857,3
9858,22
9859,20
9860,21
9861,11
9862,6
9863,22
9864,2
9865,21
9866,23
9867,12
9868,21
9869,22
9870,14
9871,2
9872,25
9873,21
9874,22
9875,3
9876,22
9877,2
9878,22
9879,22
9880,11
9881,21
9882,19
9883,11
9884,3
9885,23
9886,27
9887,25
9888,11
9889,3
9890,22
9891,20
9892,21
9893,20
9894,22
9895,12
9896,21
9897,22
9898,21
9899,22
9900,14
9901,19
9902,25
9903,21
9904,21
9905,27
9906,22
9907,21
9908,21
9909,22
9910,2
9911,3
9912,12
9913,22
9914,22
9915,25
9916,14
9917,19
9918,14
9919,22
9920,21
9921,21
9922,1
9923,12
9924,22
9925,19
9926,20
9927,12
9928,11
9929,21
9930,22
9931,22
9932,18
9933,22
9934,21
9935,19
9936,22
9937,25
9938,3
9939,22
9940,19
9941,14
9942,22
9943,20
9944,22
9945,22
9946,18
9947,21
9948,19
9949,20
9950,21
9951,21
9952,19
9953,19
9954,21
9955,20
9956,11
9957,22
9958,21
9959,21
9960,27
9961,1
9962,21
9963,22
9964,19
9965,27
9966,21
9967,12
9968,21
9969,14
9970,3
9971,21
9972,14
9973,14
9974,22
9975,14
9976,3
9977,27
9978,19
9979,25
9980,21
9981,21
9982,14
9983,20
9984,3
9985,22
9986,22
9987,18
9988,14
9989,22
9990,22
9991,21
9992,21
9993,22
9994,21
9995,22
9996,19
9997,22
9998,19
9999,21
10000,23
10001,21
10002,2
10003,3
10004,18
10005,3
10006,21
10007,19
10008,12
10009,21
10010,20
10011,11
10012,3
10013,21
10014,2
10015,22
10016,3
10017,11
10018,19
10019,14
10020,21
10021,3
10022,21
10023,3
10024,20
10025,27
10026,21
10027,18
10028,21
10029,3
10030,22
10031,19
10032,18
10033,19
10034,21
10035,11
10036,22
10037,19
10038,12
10039,21
10040,18
10041,22
10042,21
10043,22
10044,22
10045,13
10046,22
10047,12
10048,12
10049,18
10050,21
10051,20
10052,21
10053,11
10054,6
10055,21
10056,2
10057,6
10058,11
10059,21
10060,23
10061,19
10062,12
10063,21
10064,12
10065,22
10066,19
10067,21
10068,21
10069,18
10070,19
10071,11
10072,18
10073,21
10074,22
10075,21
10076,6
10077,27
10078,21
10079,22
10080,1
10081,25
10082,21
10083,14
10084,21
10085,11
10086,2
10087,14
10088,12
10089,20
10090,13
10091,22
10092,21
10093,27
10094,22
10095,14
10096,21
10097,3
10098,22
10099,22
10100,2
10101,22
10102,18
10103,18
10104,22
10105,14
10106,19
10107,26
10108,2
10109,3
10110,2
10111,22
10112,22
10113,21
10114,21
10115,21
10116,22
10117,22
10118,20
10119,22
10120,12
10121,19
10122,21
10123,19
10124,19
10125,21
10126,2
10127,12
10128,22
10129,18
10130,11
10131,19
10132,19
10133,21
10134,18
10135,14
10136,19
10137,22
10138,2
10139,14
10140,14
10141,21
10142,22
10143,22
10144,21
10145,21
10146,21
10147,21
10148,21
10149,18
10150,19
10151,22
10152,21
10153,6
10154,3
10155,22
10156,20
10157,14
10158,21
10159,14
10160,21
10161,14
10162,3
10163,2
10164,2
10165,21
10166,2
10167,25
10168,22
10169,21
10170,6
10171,22
10172,21
10173,12
10174,22
10175,21
10176,25
10177,22
10178,2
10179,22
10180,22
10181,21
10182,21
10183,22
10184,19
10185,22
10186,2
10187,22
10188,6
10189,12
10190,21
10191,20
10192,11
10193,21
10194,19
10195,2
10196,22
10197,6
10198,3
10199,22
10200,14
10201,22
10202,22
10203,19
10204,19
10205,23
10206,19
10207,12
10208,21
10209,21
10210,2
10211,11
10212,1
10213,23
10214,21
10215,21
10216,20
10217,21
10218,14
10219,22
10220,21
10221,14
10222,20
10223,22
10224,22
10225,19
10226,21
10227,21
10228,22
10229,22
10230,19
10231,3
10232,12
10233,20
10234,20
10235,21
10236,13
10237,20
10238,21
10239,21
10240,20
10241,2
10242,21
10243,22
10244,14
10245,21
10246,18
10247,21
10248,6
10249,14
10250,12
10251,14
10252,22
10253,21
10254,19
10255,13
10256,18
10257,21
10258,2
10259,14
10260,11
10261,22
10262,22
10263,22
10264,21
10265,21
10266,14
10267,11
10268,19
10269,14
10270,14
10271,21
10272,14
10273,13
10274,21
10275,19
10276,25
10277,14
10278,20
10279,2
10280,2
10281,2
10282,20
10283,22
10284,3
10285,18
10286,21
10287,22
10288,21
10289,20
10290,12
10291,12
10292,19
10293,11
10294,19
10295,2
10296,21
10297,21
10298,2
10299,6
10300,19
10301,6
10302,22
10303,21
10304,21
10305,22
10306,21
10307,20
10308,22
10309,21
10310,21
10311,13
10312,21
10313,3
10314,20
10315,21
10316,21
10317,3
10318,6
10319,18
10320,23
10321,22
10322,14
10323,18
10324,22
10325,14
10326,21
10327,14
10328,22
10329,1
10330,3
10331,2
10332,19
10333,14
10334,3
10335,22
10336,19
10337,22
10338,2
10339,21
10340,14
10341,21
10342,19
10343,22
10344,25
10345,2
10346,14
10347,21
10348,14
10349,19
10350,21
10351,21
10352,6
10353,23
10354,22
10355,19
10356,22
10357,11
10358,11
10359,21
10360,21
10361,3
10362,22
10363,11
10364,22
10365,22
10366,21
10367,20
10368,22
10369,1
10370,19
10371,21
10372,14
10373,12
10374,21
10375,20
10376,22
10377,2
10378,22
10379,21
10380,14
10381,25
10382,14
10383,21
10384,2
10385,6
10386,21
10387,21
10388,21
10389,2
10390,11
10391,22
10392,21
10393,2
10394,22
10395,19
10396,3
10397,21
10398,20
10399,22
10400,2
10401,22
10402,21
10403,22
10404,20
10405,18
10406,18
10407,25
10408,21
10409,21
10410,6
10411,14
10412,12
10413,21
10414,21
10415,19
10416,20
10417,18
10418,22
10419,25
10420,20
10421,22
10422,21
10423,21
10424,3
10425,22
10426,19
10427,21
10428,21
10429,21
10430,21
10431,12
10432,22
10433,22
10434,6
10435,19
10436,22
10437,12
10438,13
10439,19
10440,18
10441,22
10442,20
10443,21
10444,14
10445,25
10446,18
10447,2
10448,14
10449,22
10450,22
10451,14
10452,14
10453,21
10454,20
10455,22
10456,14
10457,21
10458,12
10459,20
10460,13
10461,21
10462,18
10463,3
10464,14
10465,22
10466,19
10467,23
10468,19
10469,20
10470,2
10471,23
10472,22
10473,22
10474,21
10475,22
10476,25
10477,21
10478,14
10479,22
10480,25
10481,21
10482,2
10483,20
10484,21
10485,19
10486,22
10487,22
10488,20
10489,27
10490,19
10491,20
10492,19
10493,21
10494,25
10495,2
10496,14
10497,2
10498,2
10499,2
10500,19
10501,12
10502,23
10503,19
10504,22
10505,19
10506,20
10507,3
10508,21
10509,21
10510,14
10511,27
10512,21
10513,18
10514,21
10515,14
10516,21
10517,20
10518,23
10519,13
10520,22
10521,18
10522,2
10523,2
10524,21
10525,20
10526,18
10527,3
10528,2
10529,21
10530,18
10531,19
10532,22
10533,21
10534,22
10535,20
10536,21
10537,3
10538,21
10539,21
10540,12
10541,21
10542,18
10543,20
10544,6
10545,2
10546,18
10547,11
10548,21
10549,21
10550,20
10551,3
10552,23
10553,19
10554,14
10555,19
10556,14
10557,3
10558,21
10559,21
10560,22
10561,22
10562,13
10563,22
10564,14
10565,12
10566,2
10567,2
10568,22
10569,20
10570,21
10571,27
10572,21
10573,19
10574,22
10575,21
10576,22
10577,6
10578,12
10579,22
10580,22
10581,22
10582,18
10583,13
10584,20
10585,22
10586,22
10587,20
10588,18
10589,11
10590,18
10591,18
10592,11
10593,22
10594,21
10595,21
10596,19
10597,21
10598,21
10599,22
10600,2
10601,22
10602,11
10603,21
10604,20
10605,21
10606,3
10607,21
10608,22
10609,21
10610,3
10611,3
10612,19
10613,18
10614,19
10615,2
10616,21
10617,3
10618,21
10619,3
10620,18
10621,2
10622,19
10623,2
10624,11
10625,21
10626,21
10627,21
10628,21
10629,21
10630,3
10631,22
10632,21
10633,22
10634,14
10635,22
10636,6
10637,14
10638,21
10639,2
10640,18
10641,19
10642,2
10643,20
10644,22
10645,12
10646,19
10647,21
10648,20
10649,21
10650,21
10651,21
10652,6
10653,25
10654,18
10655,11
10656,14
10657,22
10658,22
10659,14
10660,18
10661,22
10662,20
10663,20
10664,19
10665,19
10666,21
10667,21
10668,21
10669,19
10670,21
10671,22
10672,13
10673,12
10674,21
10675,22
10676,14
10677,2
10678,19
10679,19
10680,14
10681,20
10682,22
10683,27
10684,21
10685,14
10686,22
10687,18
10688,11
10689,22
10690,22
10691,21
10692,14
10693,2
10694,12
10695,21
10696,22
10697,21
10698,11
10699,1
10700,19
10701,21
10702,23
10703,21
10704,21
10705,22
10706,21
10707,21
10708,21
10709,3
10710,22
10711,6
10712,18
10713,27
10714,22
10715,2
10716,22
10717,19
10718,18
10719,14
10720,22
10721,6
10722,3
10723,19
10724,1
10725,21
10726,13
10727,13
10728,19
10729,19
10730,21
10731,19
10732,22
10733,6
10734,18
10735,22
10736,22
10737,14
10738,13
10739,21
10740,21
10741,22
10742,22
10743,3
10744,21
10745,22
10746,19
10747,13
10748,22
10749,21
10750,12
10751,19
10752,18
10753,2
10754,21
10755,21
10756,21
10757,21
10758,18
10759,22
10760,22
10761,21
10762,19
10763,18
10764,21
10765,18
10766,3
10767,3
10768,22
10769,18
10770,22
10771,20
10772,19
10773,22
10774,3
10775,2
10776,21
10777,22
10778,22
10779,14
10780,18
10781,21
10782,22
10783,2
10784,19
10785,18
10786,14
10787,22
10788,21
10789,19
10790,19
10791,23
10792,22
10793,6
10794,21
10795,2
10796,19
10797,18
10798,14
10799,2
10800,14
10801,20
10802,14
10803,20
10804,1
10805,3
10806,6
10807,2
10808,2
10809,20
10810,20
10811,12
10812,22
10813,2
10814,2
10815,22
10816,12
10817,21
10818,18
10819,21
10820,2
10821,18
10822,6
10823,27
10824,12
10825,19
10826,22
10827,18
10828,22
10829,2
10830,20
10831,6
10832,25
10833,22
10834,22
10835,21
10836,21
10837,19
10838,22
10839,22
10840,22
10841,14
10842,11
10843,21
10844,21
10845,3
10846,3
10847,2
10848,20
10849,18
10850,20
10851,3
10852,22
10853,13
10854,22
10855,6
10856,22
10857,18
10858,22
10859,22
10860,22
10861,22
10862,12
10863,22
10864,20
10865,19
10866,21
10867,21
10868,21
10869,20
10870,13
10871,22
10872,21
10873,25
10874,21
10875,18
10876,2
10877,14
10878,2
10879,7
10880,22
10881,3
10882,21
10883,18
10884,14
10885,14
10886,14
10887,22
10888,14
10889,25
10890,21
10891,14
10892,22
10893,13
10894,22
10895,22
10896,25
10897,21
10898,6
10899,3
10900,13
10901,19
10902,25
10903,13
10904,22
10905,22
10906,22
10907,22
10908,18
10909,22
10910,14
10911,12
10912,14
10913,6
10914,22
10915,21
10916,12
10917,21
10918,21
10919,11
10920,20
10921,18
10922,21
10923,22
10924,21
10925,3
10926,22
10927,19
10928,2
10929,18
10930,2
10931,11
10932,19
10933,19
10934,22
10935,21
10936,13
10937,22
10938,21
10939,18
10940,21
10941,14
10942,12
10943,21
10944,21
10945,2
10946,3
10947,21
10948,18
10949,18
10950,20
10951,22
10952,21
10953,22
10954,14
10955,2
10956,21
10957,19
10958,14
10959,21
10960,14
10961,22
10962,11
10963,14
10964,22
10965,21
10966,22
10967,19
10968,21
10969,6
10970,2
10971,22
10972,22
10973,21
10974,2
10975,22
10976,20
10977,22
10978,20
10979,20
10980,22
10981,12
10982,3
10983,21
10984,25
10985,2
10986,23
10987,11
10988,18
10989,21
10990,20
10991,2
10992,6
10993,23
10994,22
10995,22
10996,14
10997,19
10998,22
10999,22
11000,12
11001,11
11002,21
11003,11
11004,19
11005,13
11006,21
11007,22
11008,6
11009,22
11010,18
11011,2
11012,22
11013,18
11014,14
11015,21
11016,19
11017,21
11018,2
11019,14
11020,21
11021,2
11022,22
11023,19
11024,3
11025,14
11026,6
11027,21
11028,27
11029,14
11030,2
11031,21
11032,21
11033,21
11034,20
11035,18
11036,22
11037,11
11038,22
11039,22
11040,18
11041,21
11042,1
11043,22
11044,22
11045,21
11046,19
11047,14
11048,22
11049,22
11050,20
11051,14
11052,12
11053,6
11054,22
11055,21
11056,19
11057,21
11058,21
11059,21
11060,21
11061,25
11062,12
11063,22
11064,18
11065,11
11066,22
11067,14
11068,12
11069,20
11070,6
11071,18
11072,22
11073,18
11074,27
11075,21
11076,18
11077,22
11078,18
11079,3
11080,21
11081,27
11082,22
11083,22
11084,21
11085,21
11086,21
11087,20
11088,22
11089,22
11090,20
11091,12
11092,21
11093,21
11094,22
11095,13
11096,22
11097,20
11098,14
11099,21
11100,14
11101,14
11102,22
11103,21
11104,22
11105,11
11106,21
11107,20
11108,21
11109,21
11110,21
11111,21
11112,21
11113,22
11114,22
11115,21
11116,14
11117,22
11118,21
11119,11
11120,21
11121,27
11122,19
11123,18
11124,22
11125,20
11126,3
11127,1
11128,20
11129,22
11130,21
11131,27
11132,19
11133,22
11134,25
11135,2
11136,20
11137,14
11138,2
11139,21
11140,25
11141,2
11142,2
11143,2
11144,22
11145,18
11146,21
11147,18
11148,22
11149,19
11150,19
11151,22
11152,18
11153,12
11154,22
11155,21
11156,21
11157,18
11158,21
11159,21
11160,14
11161,2
11162,22
11163,11
11164,22
11165,20
11166,21
11167,20
11168,3
11169,21
11170,21
11171,22
11172,22
11173,22
11174,14
11175,21
11176,19
11177,21
11178,25
11179,14
11180,20
11181,2
11182,22
11183,14
11184,18
11185,23
11186,11
11187,20
11188,21
11189,12
11190,21
11191,1
11192,19
11193,20
11194,19
11195,14
11196,20
11197,21
11198,12
11199,19
11200,2
11201,22
11202,18
11203,27
11204,27
11205,21
11206,2
11207,19
11208,21
11209,12
11210,21
11211,22
11212,2
11213,19
11214,20
11215,14
11216,22
11217,22
11218,3
11219,19
11220,6
11221,22
11222,22
11223,21
11224,14
11225,23
11226,21
11227,20
11228,18
11229,18
11230,22
11231,18
11232,3
11233,14
11234,18
11235,2
11236,14
11237,3
11238,22
11239,22
11240,21
11241,2
11242,3
11243,21
11244,13
11245,20
11246,18
11247,12
11248,2
11249,13
11250,12
11251,21
11252,21
11253,3
11254,19
11255,11
11256,22
11257,22
11258,22
11259,21
11260,2
11261,22
11262,14
11263,21
11264,2
11265,21
11266,14
11267,11
11268,21
11269,6
11270,22
11271,20
11272,22
11273,1
11274,11
11275,22
11276,21
11277,14
11278,3
11279,12
11280,22
11281,2
11282,19
11283,21
11284,21
11285,22
11286,22
11287,22
11288,19
11289,20
11290,27
11291,21
11292,6
11293,14
11294,14
11295,14
11296,11
11297,20
11298,21
11299,21
11300,21
11301,2
11302,14
11303,19
11304,19
11305,22
11306,22
11307,22
11308,22
11309,19
11310,6
11311,19
11312,19
11313,14
11314,14
11315,23
11316,2
11317,22
11318,22
11319,22
11320,14
11321,22
11322,2
11323,21
11324,21
11325,2
11326,21
11327,11
11328,2
11329,20
11330,13
11331,21
11332,20
11333,21
11334,21
11335,21
11336,21
11337,20
11338,19
11339,21
11340,3
11341,22
11342,14
11343,3
11344,21
11345,19
11346,21
11347,2
11348,21
11349,11
11350,21
11351,12
11352,18
11353,20
11354,2
11355,19
11356,18
11357,11
11358,6
11359,2
11360,21
11361,21
11362,22
11363,22
11364,25
11365,20
11366,11
11367,21
11368,22
11369,3
11370,6
11371,22
11372,25
11373,2
11374,19
11375,22
11376,6
11377,25
11378,20
11379,21
11380,11
11381,27
11382,22
11383,6
11384,21
11385,22
11386,19
11387,19
11388,19
11389,19
11390,20
11391,21
11392,14
11393,21
11394,18
11395,22
11396,19
11397,19
11398,14
11399,12
11400,2
11401,21
11402,22
11403,14
11404,11
11405,21
11406,6
11407,21
11408,2
11409,20
11410,21
11411,3
11412,21
11413,12
11414,22
11415,18
11416,21
11417,21
11418,22
11419,20
11420,3
11421,13
11422,21
11423,22
11424,14
11425,1
11426,2
11427,18
11428,23
11429,19
11430,21
11431,20
11432,18
11433,2
11434,22
11435,19
11436,21
11437,22
11438,20
11439,14
11440,21
11441,19
11442,6
11443,21
11444,14
11445,14
11446,22
11447,22
11448,21
11449,19
11450,21
11451,11
11452,19
11453,21
11454,19
11455,12
11456,19
11457,19
11458,2
11459,22
11460,11
11461,22
11462,19
11463,19
11464,19
11465,21
11466,18
11467,11
11468,19
11469,12
11470,18
11471,18
11472,13
11473,20
11474,21
11475,6
11476,3
11477,2
11478,22
11479,22
11480,19
11481,22
11482,11
11483,27
11484,1
11485,27
11486,22
11487,14
11488,21
11489,19
11490,18
11491,19
11492,14
11493,21
11494,19
11495,22
11496,21
11497,21
11498,3
11499,20
11500,19
11501,2
11502,22
11503,11
11504,21
11505,14
11506,12
11507,22
11508,18
11509,3
11510,21
11511,18
11512,22
11513,23
11514,12
11515,19
11516,23
11517,22
11518,22
11519,2
11520,27
11521,21
11522,22
11523,14
11524,22
11525,21
11526,21
11527,22
11528,21
11529,20
11530,2
11531,21
11532,23
11533,21
11534,22
11535,21
11536,14
11537,21
11538,14
11539,22
11540,18
11541,11
11542,14
11543,21
11544,11
11545,25
11546,21
11547,2
11548,18
11549,21
11550,3
11551,20
11552,23
11553,22
11554,27
11555,3
11556,21
11557,12
11558,21
11559,23
11560,14
11561,6
11562,6
11563,20
11564,21
11565,19
11566,21
11567,2
11568,21
11569,21
11570,3
11571,20
11572,27
11573,20
11574,22
11575,21
11576,20
11577,18
11578,14
11579,19
11580,22
11581,14
11582,11
11583,22
11584,11
11585,25
11586,2
11587,22
11588,21
11589,21
11590,22
11591,19
11592,20
11593,27
11594,21
11595,20
11596,22
11597,27
11598,3
11599,21
11600,18
11601,22
11602,1
11603,22
11604,22
11605,21
11606,21
11607,14
11608,19
11609,22
11610,22
11611,18
11612,21
11613,2
11614,21
11615,21
11616,11
11617,2
11618,2
11619,2
11620,20
11621,19
11622,11
11623,19
11624,2
11625,22
11626,22
11627,21
11628,21
11629,19
11630,14
11631,21
11632,14
11633,3
11634,23
11635,21
11636,22
11637,22
11638,12
11639,22
11640,21
11641,22
11642,2
11643,19
11644,13
11645,19
11646,22
11647,18
11648,11
11649,22
11650,1
11651,22
11652,2
11653,21
11654,22
11655,19
11656,21
11657,21
11658,21
11659,3
11660,22
11661,21
11662,14
11663,21
11664,18
11665,21
11666,22
11667,22
11668,21
11669,1
11670,18
11671,14
11672,22
11673,21
11674,2
11675,12
11676,11
11677,11
11678,21
11679,2
11680,14
11681,19
11682,19
11683,2
11684,21
11685,11
11686,18
11687,22
11688,2
11689,2
11690,18
11691,20
11692,21
11693,20
11694,21
11695,25
11696,14
11697,2
11698,3
11699,21
11700,22
11701,6
11702,14
11703,27
11704,22
11705,20
11706,22
11707,19
11708,21
11709,21
11710,19
11711,2
11712,18
11713,22
11714,3
11715,13
11716,12
11717,23
11718,21
11719,23
11720,21
11721,2
11722,2
11723,6
11724,11
11725,22
11726,21
11727,21
11728,14
11729,21
11730,3
11731,11
11732,14
11733,22
11734,25
11735,20
11736,14
11737,21
11738,12
11739,21
11740,22
11741,12
11742,6
11743,2
11744,22
11745,14
11746,21
11747,21
11748,1
11749,21
11750,19
11751,21
11752,11
11753,21
11754,20
11755,21
11756,18
11757,3
11758,21
11759,18
11760,6
11761,20
11762,21
11763,25
11764,3
11765,2
11766,22
11767,20
11768,20
11769,21
11770,22
11771,21
11772,22
11773,18
11774,12
11775,14
11776,18
11777,3
11778,22
11779,3
11780,19
11781,2
11782,21
11783,14
11784,20
11785,19
11786,21
11787,6
11788,19
11789,21
11790,22
11791,21
11792,18
11793,22
11794,19
11795,14
11796,21
11797,20
11798,21
11799,20
11800,21
11801,2
11802,12
11803,23
11804,2
11805,2
11806,3
11807,6
11808,21
11809,21
11810,27
11811,20
11812,18
11813,2
11814,20
11815,22
11816,11
11817,21
11818,22
11819,13
11820,21
11821,22
11822,14
11823,18
11824,3
11825,21
11826,21
11827,3
11828,21
11829,22
11830,2
11831,21
11832,14
11833,22
11834,21
11835,22
11836,2
11837,21
11838,22
11839,14
11840,11
11841,22
11842,6
11843,22
11844,2
11845,21
11846,22
11847,21
11848,18
11849,11
11850,21
11851,22
11852,11
11853,14
11854,21
11855,6
11856,2
11857,20
11858,22
11859,22
11860,18
11861,19
11862,19
11863,18
11864,6
11865,21
11866,20
11867,18
11868,12
11869,11
11870,22
11871,21
11872,21
11873,19
11874,13
11875,21
11876,22
11877,14
11878,14
11879,2
11880,21
11881,19
11882,14
11883,22
11884,22
11885,22
11886,19
11887,21
11888,21
11889,22
11890,22
11891,2
11892,20
